62206.979173
62206.979173
2507008.763891
1975.99149695916 1268.73459108963
0.859366
bk1 0 1351.79741614159 987.03903711182 1687.79741614159 1120.03903711182
bk10a 0 381.171338264834 715.577800663603 759.171338264834 834.577800663603
bk10b 0 567.835506912564 575.577800663603 728.835506912564 715.577800663603
bk10c 0 759.171338264834 750.998264894031 808.171338264834 869.998264894031
bk11 0 528.616843310969 1072.5778006636 703.616843310969 1191.5778006636
bk12 0 944.779390963259 86.441613045195 1084.77939096326 492.441613045195
bk13 0 1170.74897115845 0 1310.74897115845 497
bk14a 0 706.779390963259 103.620568397234 825.779390963259 299.620568397234
bk14b 0 579.67257257253 418.620568397234 873.67257257253 537.620568397234
bk14c 0 618.258089825282 299.620568397234 779.258089825282 418.620568397234
bk15a 0 825.779390963259 36.6372435220778 944.779390963259 302.637243522078
bk15b 0 471.478268884638 0 590.478268884638 336
bk16 0 460.672572572529 418.449169608156 579.672572572529 544.449169608156
bk17a 0 847.797416141593 842.441613045195 1218.79741614159 1024.4416130452
bk17b 0 1112.12924227521 539.507715017116 1315.12924227521 721.507715017116
bk18 0 936.387687524361 1024.4416130452 1118.38768752436 1227.4416130452
bk19 0 40.6725725725294 420.046530453893 124.672572572529 539.046530453893
bk2 0 1397.31013305222 472.406694555666 1691.31013305222 605.406694555666
bk20 0 930.129242275207 492.441613045195 1112.12924227521 842.441613045195
bk21 0 1132.45083264833 1128.73459108963 1447.45083264833 1268.73459108963
bk3 0 1218.79741614159 721.507715017116 1351.79741614159 1036.50771501712
bk4 0 1456.66406953169 605.406694555666 2016.66406953169 738.406694555666
bk5a 0 1530.1017110455 738.406694555666 1670.1017110455 871.406694555666
bk5b 0 1397.1017110455 812.03903711182 1530.1017110455 987.03903711182
bk5c 0 1687.79741614159 872.818740722632 1820.79741614159 1103.81874072263
bk6 0 1599.43350458594 1120.03903711182 1914.43350458594 1253.03903711182
bk7 0 1670.1017110455 738.406694555666 1852.1017110455 836.406694555666
bk8a 0 250.672572572529 374.73017028176 460.672572572529 584.73017028176
bk8b 0 124.672572572529 291.019119629843 250.672572572529 669.019119629843
bk9a 0 728.797416141593 869.998264894031 847.797416141593 1051.99826489403
bk9b 0 609.797416141593 834.577800663604 728.797416141593 953.577800663604
bk9c 0 371.797416141593 953.577800663604 728.797416141593 1072.5778006636
bk9d 0 525.797416141593 834.577800663604 609.797416141593 953.577800663604
