[Iter 1000] geometry_scale=0.200000
bk1 1279.046228 1001.714281 1615.046228 1134.714281
bk10a 483.338086 657.652161 861.338086 776.652161
bk10b 613.716105 531.429957 774.716105 671.429957
bk10c 636.049482 781.640919 755.049482 830.640919
bk11 562.308299 1182.369443 737.308299 1301.369443
bk12 940.259200 129.208722 1080.259200 535.208722
bk13 1169.785099 0.000000 1309.785099 497.000000
bk14a 642.230611 156.278260 838.230611 275.278260
bk14b 573.231874 391.475659 867.231874 510.475659
bk14c 625.430095 316.674558 786.430095 435.674558
bk15a 805.771189 31.670500 924.771189 297.670500
bk15b 457.652088 0.000000 576.652088 336.000000
bk16 426.088211 416.175682 545.088211 542.175682
bk17a 810.187202 871.113093 1181.187202 1053.113093
bk17b 1108.049040 552.670370 1290.049040 755.670370
bk18 903.799024 1090.799882 1085.799024 1293.799882
bk19 87.244741 428.899667 171.244741 547.899667
bk2 1467.503496 341.107581 1600.503496 635.107581
bk20 888.052349 505.058440 1070.052349 855.058440
bk21 1135.935332 1141.791697 1450.935332 1281.791697
bk3 1200.869006 728.259518 1333.869006 1043.259518
bk4 1439.563365 617.335589 1999.563365 750.335589
bk5a 1454.408830 741.054825 1587.408830 881.054825
bk5b 1422.994999 844.630156 1597.994999 977.630156
bk5c 1665.691465 858.927298 1798.691465 1089.927298
bk6 1679.112547 1043.591478 1812.112547 1358.591478
bk7 1647.023202 780.880932 1829.023202 878.880932
bk8a 268.707071 381.108631 478.707071 591.108631
bk8b 155.045743 297.701442 281.045743 675.701442
bk9a 590.180229 942.716610 772.180229 1061.716610
bk9b 606.248088 832.190393 725.248088 951.190393
bk9c 469.269849 1069.613503 826.269849 1188.613503
bk9d 605.023919 854.303743 724.023919 938.303743

[Iter 2000] geometry_scale=0.200000
bk1 1263.536864 990.603491 1599.536864 1123.603491
bk10a 480.723401 692.771130 858.723401 811.771130
bk10b 602.315249 519.298843 763.315249 659.298843
bk10c 612.699001 573.997733 731.699001 622.997733
bk11 543.631721 1191.405619 718.631721 1310.405619
bk12 950.427321 131.935690 1090.427321 537.935690
bk13 1170.748971 0.000000 1310.748971 497.000000
bk14a 643.336489 162.804927 839.336489 281.804927
bk14b 586.767370 380.626790 880.767370 499.626790
bk14c 607.974639 283.557356 768.974639 402.557356
bk15a 821.663126 29.602676 940.663126 295.602676
bk15b 451.892727 0.000000 570.892727 336.000000
bk16 455.184685 406.131668 574.184685 532.131668
bk17a 795.519508 870.101669 1166.519508 1052.101669
bk17b 1099.083747 574.054400 1281.083747 777.054400
bk18 900.421375 1086.610106 1082.421375 1289.610106
bk19 64.772488 406.824117 148.772488 525.824117
bk2 1442.833105 339.900942 1575.833105 633.900942
bk20 886.440624 497.727407 1068.440624 847.727407
bk21 1135.969058 1154.673153 1450.969058 1294.673153
bk3 1177.348755 743.103098 1310.348755 1058.103098
bk4 1420.812869 621.134230 1980.812869 754.134230
bk5a 1423.539844 746.769333 1556.539844 886.769333
bk5b 1396.797959 854.230237 1571.797959 987.230237
bk5c 1638.357067 859.893282 1771.357067 1090.893282
bk6 1654.218748 1040.394929 1787.218748 1355.394929
bk7 1633.565729 785.418600 1815.565729 883.418600
bk8a 274.391780 363.484021 484.391780 573.484021
bk8b 129.118367 278.804185 255.118367 656.804185
bk9a 575.046734 942.164297 757.046734 1061.164297
bk9b 602.651109 788.698562 721.651109 907.698562
bk9c 462.028911 1069.753313 819.028911 1188.753313
bk9d 599.643690 893.645297 718.643690 977.645297

[Iter 3000] geometry_scale=0.200000
bk1 1271.397990 996.751767 1607.397990 1129.751767
bk10a 495.344063 679.329832 873.344063 798.329832
bk10b 614.699767 497.275937 775.699767 637.275937
bk10c 627.044532 578.634072 746.044532 627.634072
bk11 556.771295 1198.168056 731.771295 1317.168056
bk12 959.295465 129.357451 1099.295465 535.357451
bk13 1170.748971 0.000000 1310.748971 497.000000
bk14a 642.117581 145.544844 838.117581 264.544844
bk14b 573.826382 365.035293 867.826382 484.035293
bk14c 606.308685 250.895354 767.308685 369.895354
bk15a 832.202110 30.187061 951.202110 296.187061
bk15b 436.810451 0.000000 555.810451 336.000000
bk16 462.028669 407.674921 581.028669 533.674921
bk17a 803.616310 874.960884 1174.616310 1056.960884
bk17b 1106.099999 580.234976 1288.099999 783.234976
bk18 902.371951 1086.142039 1084.371951 1289.142039
bk19 73.151553 408.354397 157.151553 527.354397
bk2 1449.808843 346.334167 1582.808843 640.334167
bk20 889.550687 501.759330 1071.550687 851.759330
bk21 1136.155026 1161.513336 1451.155026 1301.513336
bk3 1184.016460 752.544923 1317.016460 1067.544923
bk4 1432.046953 626.006001 1992.046953 759.006001
bk5a 1435.947447 750.268345 1568.947447 890.268345
bk5b 1406.299072 855.936421 1581.299072 988.936421
bk5c 1645.000027 860.547873 1778.000027 1091.547873
bk6 1662.390117 1046.903554 1795.390117 1361.903554
bk7 1645.048865 789.011053 1827.048865 887.011053
bk8a 278.689897 363.913837 488.689897 573.913837
bk8b 130.561266 279.772214 256.561266 657.772214
bk9a 586.685212 947.423610 768.685212 1066.423610
bk9b 616.527732 786.683325 735.527732 905.683325
bk9c 472.013058 1073.145484 829.013058 1192.145484
bk9d 613.068367 888.876009 732.068367 972.876009

[Iter 4000] geometry_scale=0.200000
bk1 1275.825127 997.623513 1611.825127 1130.623513
bk10a 501.243729 680.749486 879.243729 799.749486
bk10b 625.814949 494.013646 786.814949 634.013646
bk10c 644.543191 576.541511 763.543191 625.541511
bk11 555.941538 1195.783451 730.941538 1314.783451
bk12 960.594482 118.391934 1100.594482 524.391934
bk13 1170.748971 0.000000 1310.748971 497.000000
bk14a 645.440993 148.493494 841.440993 267.493494
bk14b 566.591203 366.871621 860.591203 485.871621
bk14c 596.079323 253.170175 757.079323 372.170175
bk15a 828.104063 33.300488 947.104063 299.300488
bk15b 434.812145 0.000000 553.812145 336.000000
bk16 462.819669 420.219102 581.819669 546.219102
bk17a 810.272624 867.282921 1181.272624 1049.282921
bk17b 1113.967447 568.514248 1295.967447 771.514248
bk18 909.910322 1081.880924 1091.910322 1284.880924
bk19 68.306616 420.194170 152.306616 539.194170
bk2 1451.790680 346.785557 1584.790680 640.785557
bk20 900.031117 491.139237 1082.031117 841.139237
bk21 1136.498779 1155.762553 1451.498779 1295.762553
bk3 1189.657095 742.921146 1322.657095 1057.921146
bk4 1435.056453 627.026543 1995.056453 760.026543
bk5a 1440.277515 751.310670 1573.277515 891.310670
bk5b 1410.201836 856.035138 1585.201836 989.035138
bk5c 1650.719891 860.085510 1783.719891 1091.085510
bk6 1668.503930 1046.169682 1801.503930 1361.169682
bk7 1646.827889 789.046086 1828.827889 887.046086
bk8a 278.160676 376.892564 488.160676 586.892564
bk8b 125.941561 292.426440 251.941561 670.426440
bk9a 612.352760 946.396291 794.352760 1065.396291
bk9b 610.311803 786.222437 729.311803 905.222437
bk9c 464.080021 1069.000446 821.080021 1188.000446
bk9d 602.486495 884.545903 721.486495 968.545903

[Iter 5000] geometry_scale=0.200000
bk1 1279.423496 998.370156 1615.423496 1131.370156
bk10a 501.216869 681.972411 879.216869 800.972411
bk10b 624.738440 494.180101 785.738440 634.180101
bk10c 648.216020 578.045418 767.216020 627.045418
bk11 558.044737 1195.843126 733.044737 1314.843126
bk12 962.979805 115.955230 1102.979805 521.955230
bk13 1170.748971 0.000000 1310.748971 497.000000
bk14a 642.297057 148.293506 838.297057 267.293506
bk14b 563.013999 368.367712 857.013999 487.367712
bk14c 601.152112 254.698397 762.152112 373.698397
bk15a 829.437634 32.597276 948.437634 298.597276
bk15b 434.567330 0.000000 553.567330 336.000000
bk16 460.692291 418.671685 579.692291 544.671685
bk17a 812.971631 867.837037 1183.971631 1049.837037
bk17b 1116.532457 566.686521 1298.532457 769.686521
bk18 910.766426 1080.388429 1092.766426 1283.388429
bk19 56.758892 419.599065 140.758892 538.599065
bk2 1450.988531 347.941742 1583.988531 641.941742
bk20 902.911168 492.461906 1084.911168 842.461906
bk21 1136.499998 1155.372064 1451.499998 1295.372064
bk3 1192.114743 741.761387 1325.114743 1056.761387
bk4 1437.020873 627.574547 1997.020873 760.574547
bk5a 1440.899046 751.471807 1573.899046 891.471807
bk5b 1410.938356 855.480228 1585.938356 988.480228
bk5c 1654.031535 860.969300 1787.031535 1091.969300
bk6 1671.088977 1046.761746 1804.088977 1361.761746
bk7 1648.777228 789.648686 1830.777228 887.648686
bk8a 274.061035 375.035100 484.061035 585.035100
bk8b 120.916400 290.857849 246.916400 668.857849
bk9a 621.243262 947.038573 803.243262 1066.038573
bk9b 608.672718 789.222358 727.672718 908.222358
bk9c 460.279091 1068.370227 817.279091 1187.370227
bk9d 597.148462 885.725481 716.148462 969.725481

