726470.909399
726470.909399
40943128.000000
5336 7673
0.378948
M001 0 0 0 1708 3234
M002 0 117.860404113423 3234 1671.86040411342 3906
M003 0 0 4159 2184 5167
M004 0 659.525236431285 6063 3739.52523643129 7673
M005 0 2506 4677 3038 6063
M006 0 644 5167 2506 6049
M007 0 1671.86040411342 3809 2539.86040411342 4159
M008 0 0 5167 644 6413
M009 0 2184 4159 3164 4621
M010 0 5042 1163 5336 1779
M011 0 3331.13162222834 39.4675860299541 4157.13162222834 417.467586029954
M012 0 3227.30977905528 417.467586029954 4025.30977905528 823.467586029954
M013 0 2659.13162222834 98.9999999999985 3331.13162222834 364.999999999999
M014 0 2805.86040411342 3356.05759143505 3729.86040411342 3762.05759143505
M015 0 3990 4271 4830 4677
M016 0 3962 3949 4760 4271
M017 0 3729.86040411342 3557 4485.86040411342 3949
M018 0 3407.86040411342 2964.05759143505 4485.86040411342 3356.05759143505
M019 0 3164 4344.3740692725 3990 4736.3740692725
M020 0 2931.86040411342 3826.3740692725 3729.86040411342 4078.3740692725
M021 0 1708 2927 2534 3319
M022 0 2072 1975 2436 2927
M023 0 1671.86040411342 3319 2805.86040411342 3809
M024 0 3164 4078.3740692725 3962 4344.3740692725
M025 0 2534 2997 3318 3319
M026 0 4485.86040411342 2843 4835.86040411342 3571
M027 0 4835.86040411342 2843 5199.86040411342 3683
M028 0 4710.69271554463 1779 5228.69271554463 2843
M029 0 4830 3683 5320 4677
M030 0 4034 4677 5336 5405
M031 0 3422.47313792003 2572.05759143505 4472.47313792003 2964.05759143505
M032 0 4390.52523643129 5405 5174.52523643129 5783
M033 0 4299.52523643129 5783 5251.52523643129 7673
M034 0 3739.52523643129 6063 4299.52523643129 7211
M035 0 3464.69271554463 2180.05759143505 4318.69271554462 2572.05759143505
M036 0 3040 4736.3740692725 4034 5184.3740692725
M037 0 3038 5405 4256 5965
M038 0 2072 1527 3038 1975
M039 0 1708 1505.43329365057 2072 2289.43329365057
M040 0 2438 1975 3306 2367
M041 0 2568.47313792003 2367 3422.47313792003 2731
M042 0 3138 1597 3306 1975
M043 0 3306 1270.05759143505 3838 2180.05759143505
M044 0 1925.30977905528 203.433293650574 2555.30977905528 1505.43329365057
M045 0 2555.30977905528 364.999999999999 3227.30977905528 1527
M046 0 3838 1162 5042 1666
M047 0 4157.13162222834 0 4969.13162222834 434
M048 0 4025.30977905528 434 5327.30977905528 1162
M049 0 4318.69271554462 1666 4710.69271554462 2408
