[Iter 1000] geometry_scale=0.040000
M001 0.000000 137.146654 1708.000000 3371.146654
M002 2850.553571 1314.080317 3522.553571 2868.080317
M003 2134.533284 0.000000 4318.533284 1008.000000
M004 207.841888 6230.000000 3287.841888 7840.000000
M005 2555.347377 4575.708168 3087.347377 5961.708168
M006 0.000000 3681.993876 1862.000000 4563.993876
M007 2070.817954 3005.193609 2420.817954 3873.193609
M008 2248.683057 3547.457441 2892.683057 4793.457441
M009 2294.947756 3349.030165 3274.947756 3811.030165
M010 7354.699701 2212.600509 7648.699701 2828.600509
M011 4061.394580 467.553401 4887.394580 845.553401
M012 4065.764415 707.378146 4863.764415 1113.378146
M013 4342.778751 279.519887 4608.778751 951.519887
M014 4967.954060 3429.298577 5373.954060 4353.298577
M015 3332.393857 3751.240530 3738.393857 4591.240530
M016 4306.315286 3590.176968 4628.315286 4388.176968
M017 4321.550200 3554.954554 4713.550200 4310.954554
M018 5072.441772 3888.429435 6150.441772 4280.429435
M019 4738.432173 2638.259592 5130.432173 3464.259592
M020 4425.918481 2885.285909 5223.918481 3137.285909
M021 3217.728149 2644.868676 3609.728149 3470.868676
M022 2936.069824 3004.536323 3888.069824 3368.536323
M023 2885.629319 2556.817616 4019.629319 3046.817616
M024 4313.190040 2703.703012 5111.190040 2969.703012
M025 4241.547213 3060.774995 5025.547213 3382.774995
M026 6678.028198 3121.970650 7028.028198 3849.970650
M027 6993.343475 3675.165646 7357.343475 4515.165646
M028 7154.000000 3628.321526 7672.000000 4692.321526
M029 6455.769972 4045.030765 6945.769972 5039.030765
M030 6335.420248 6687.446030 7637.420248 7415.446030
M031 5604.715327 4253.134162 5996.715327 5303.134162
M032 4344.192246 5776.252978 5128.192246 6154.252978
M033 3860.626372 6468.671086 5750.626372 7420.671086
M034 4714.997880 4862.951141 5274.997880 6010.951141
M035 3740.506484 5007.846091 4594.506484 5399.846091
M036 4411.416566 4311.641920 5405.416566 4759.641920
M037 3246.515308 4551.617261 4464.515308 5111.617261
M038 6564.602994 1959.395562 7012.602994 2925.395562
M039 6802.518355 2161.061409 7166.518355 2945.061409
M040 6165.561450 1915.477469 6557.561450 2783.477469
M041 5689.754165 2129.661123 6053.754165 2983.661123
M042 5862.799602 1925.398146 6030.799602 2303.398146
M043 5650.499618 3163.313206 6560.499618 3695.313206
M044 5024.018681 933.193121 5654.018681 2235.193121
M045 4133.162322 1350.445485 4805.162322 2512.445485
M046 5732.494364 5238.186399 6936.494364 5742.186399
M047 6861.662107 5267.251493 7295.662107 6079.251493
M048 5616.869771 5532.808350 6918.869771 6260.808350
M049 4937.608278 4901.912863 5329.608278 5643.912863

[Iter 2000] geometry_scale=0.040000
M001 144.012740 492.244821 1852.012740 3726.244821
M002 2229.839221 1311.466538 2901.839221 2865.466538
M003 1733.350126 218.021410 3917.350126 1226.021410
M004 194.876246 4679.288682 3274.876246 6289.288682
M005 3241.027712 4784.498405 3773.027712 6170.498405
M006 2052.924040 6368.380439 3914.924040 7250.380439
M007 2480.144283 2838.430018 2830.144283 3706.430018
M008 1916.601567 2960.212610 2560.601567 4206.212610
M009 2720.516113 3142.412149 3700.516113 3604.412149
M010 7330.034290 2214.341026 7624.034290 2830.341026
M011 4055.026658 60.452382 4881.026658 438.452382
M012 4104.182265 507.997780 4902.182265 913.997780
M013 4267.881745 0.000000 4533.881745 672.000000
M014 5130.832719 2452.364764 5536.832719 3376.364764
M015 4316.661943 3289.511900 4722.661943 4129.511900
M016 4674.002898 3182.018348 4996.002898 3980.018348
M017 5337.092939 3007.546077 5729.092939 3763.546077
M018 4936.344480 3814.271629 6014.344480 4206.271629
M019 4511.775176 2191.372200 4903.775176 3017.372200
M020 4100.831055 2629.915507 4898.831055 2881.915507
M021 3264.812677 1576.168102 3656.812677 2402.168102
M022 2959.375092 2093.247239 3911.375092 2457.247239
M023 2984.474070 2776.285880 4118.474070 3266.285880
M024 3962.389226 2579.481263 4760.389226 2845.481263
M025 3829.111257 3215.171403 4613.111257 3537.171403
M026 6156.199975 2929.450226 6506.199975 3657.450226
M027 6837.993543 3112.432497 7201.993543 3952.432497
M028 7081.782784 3034.108736 7599.782784 4098.108736
M029 5941.581445 3187.292374 6431.581445 4181.292374
M030 5338.327011 6571.324223 6640.327011 7299.324223
M031 5306.189689 3964.170561 5698.189689 5014.170561
M032 4930.220342 5071.930544 5714.220342 5449.930544
M033 3765.607493 5587.097726 5655.607493 6539.097726
M034 4206.977979 4246.534858 4766.977979 5394.534858
M035 4510.193759 4489.704232 5364.193759 4881.704232
M036 3110.303408 3534.313985 4104.303408 3982.313985
M037 2705.904155 4165.836023 3923.904155 4725.836023
M038 6270.726932 1836.481362 6718.726932 2802.481362
M039 6510.204070 1976.329999 6874.204070 2760.329999
M040 5745.775498 1890.713089 6137.775498 2758.713089
M041 5355.836795 1978.081147 5719.836795 2832.081147
M042 5794.668432 2264.158379 5962.668432 2642.158379
M043 5277.411132 1355.277012 6187.411132 1887.277012
M044 4693.675070 921.153176 5323.675070 2223.153176
M045 3805.802328 1005.870263 4477.802328 2167.870263
M046 5931.417305 4490.043637 7135.417305 4994.043637
M047 6665.243246 5079.712114 7099.243246 5891.712114
M048 5873.108093 5293.437150 7175.108093 6021.437150
M049 6328.571163 4073.902775 6720.571163 4815.902775

[Iter 3000] geometry_scale=0.040000
M001 0.000000 804.541753 1708.000000 4038.541753
M002 2070.090533 1475.908517 2742.090533 3029.908517
M003 1549.453844 395.287312 3733.453844 1403.287312
M004 123.532528 4377.112896 3203.532528 5987.112896
M005 3215.204070 4600.588381 3747.204070 5986.588381
M006 1787.674000 6135.060203 3649.674000 7017.060203
M007 2820.797229 2800.899511 3170.797229 3668.899511
M008 1788.710636 2981.083321 2432.710636 4227.083321
M009 2478.603591 3454.656558 3458.603591 3916.656558
M010 7322.092973 2259.954771 7616.092973 2875.954771
M011 3830.364007 149.711324 4656.364007 527.711324
M012 3838.635828 657.616356 4636.635828 1063.616356
M013 4100.055986 0.000000 4366.055986 672.000000
M014 5106.206666 2400.370675 5512.206666 3324.370675
M015 4431.831949 3340.819550 4837.831949 4180.819550
M016 4806.050845 3187.862035 5128.050845 3985.862035
M017 5437.027888 3038.198068 5829.027888 3794.198068
M018 5025.042204 3725.974324 6103.042204 4117.974324
M019 4585.871949 2267.123982 4977.871949 3093.123982
M020 4057.892268 2699.997253 4855.892268 2951.997253
M021 3122.849122 1515.612792 3514.849122 2341.612792
M022 2859.058551 2072.274362 3811.058551 2436.274362
M023 2928.411383 2577.806798 4062.411383 3067.806798
M024 3837.676892 2580.044337 4635.676892 2846.044337
M025 3742.665249 3179.050883 4526.665249 3501.050883
M026 5941.731587 2804.183677 6291.731587 3532.183677
M027 6736.631580 2965.923526 7100.631580 3805.923526
M028 7110.126940 2867.584587 7628.126940 3931.584587
M029 6190.357845 2999.336340 6680.357845 3993.336340
M030 5656.705902 6417.522255 6958.705902 7145.522255
M031 5387.962810 4053.513798 5779.962810 5103.513798
M032 4364.927165 5215.231785 5148.927165 5593.231785
M033 3716.622199 5728.051443 5606.622199 6680.051443
M034 4272.632960 4262.293253 4832.632960 5410.293253
M035 4729.923467 4424.880327 5583.923467 4816.880327
M036 3378.689322 3444.938210 4372.689322 3892.938210
M037 3136.319089 4016.921415 4354.319089 4576.921415
M038 6349.336120 1802.833490 6797.336120 2768.833490
M039 6652.353085 1951.726591 7016.353085 2735.726591
M040 5851.556828 1828.927625 6243.556828 2696.927625
M041 5416.516317 1935.868764 5780.516317 2789.868764
M042 5951.012419 2214.809963 6119.012419 2592.809963
M043 5403.900558 1298.200073 6313.900558 1830.200073
M044 4658.985294 1007.200555 5288.985294 2309.200555
M045 3848.705830 1120.526870 4520.705830 2282.526870
M046 5858.405743 4493.871538 7062.405743 4997.871538
M047 6894.236005 5071.424522 7328.236005 5883.424522
M048 5706.678885 5165.698100 7008.678885 5893.698100
M049 6218.190525 3928.795681 6610.190525 4670.795681

