714934.236293
714934.236293
59396480.000000
9440 6292
0.085616
cc_11 0 1026.54316731313 3168 2852.54316731313 6314
cc_12 0 1312.54316731313 22.0000000000002 3138.54316731313 3168
cc_13 0 3483.05186086784 1302 6629.05186086784 3128
cc_14 0 6629.05186086784 1302 9775.05186086784 3128
cc_21 0 8634.54316731313 3128 10466.5431673131 6314
cc_22 0 4970.54316731313 3128 6802.54316731313 6314
cc_23 0 3138.54316731313 3128 4970.54316731313 6314
cc_24 0 6802.54316731313 3128 8634.54316731313 6314
clk 0 2852.54316731313 4477.11903370951 3138.54316731313 5303.11903370951
