190156.395372
190156.395372
12300842.767347
3320.96187023395 3704
0.825920
clkc 0 3294.48273820436 1428 4330.48273820436 1890
clkd 0 4366.45577506631 1008 5066.45577506631 1386
cmp1 0 3386.45577506631 1218 4366.45577506631 1428
cmp2 0 3321.24414825658 1890 4301.24414825658 2100
cmp3 0 3193.25150004102 1008 4173.25150004102 1218
cntd 0 2091.03812976605 0 5395.03812976605 546
cntu 0 2108 3158 5412 3704
npd 0 2854.72529698798 2352 4870.72529698798 2604
nps 0 2253.50794443536 2607.50131000264 5333.50794443536 3069.50131000264
ppd 0 2903.04251254576 2100 4919.04251254576 2352
pps 0 2210.08520589243 546 5290.08520589243 1008
