34220.595905
34220.595905
528.768000
22.95 23.04
34.038238
BLOCK_1 0 9.85690229103319 5.06549647962537 9.95177059103319 5.16036477962537
BLOCK_2 0 14.618549789874 20.1092363725074 14.743849789874 20.2345363725074
BLOCK_3 0 10.1906300707674 5.06549647962537 10.2854983707674 5.16036477962537
BLOCK_4 0 13.3229956278285 10.847872 13.4482956278285 10.973172
BLOCK_5 0 9.95177059103319 5.02931687702409 10.0466388910332 5.12418517702409
BLOCK_6 0 14.7095194437554 19.9839363725074 14.8348194437554 20.1092363725074
BLOCK_7 0 19.4384581714932 13.6789043278241 19.5637581714932 13.8042043278241
BLOCK_8 0 14.5842194437554 19.865214 14.7095194437554 19.990514
BLOCK_9 0 17.4585919150302 16.7980225385822 17.5256739150302 16.8651045385822
BLOCK_10 0 10.0957617707674 5.01111468628345 10.1906300707674 5.10598298628345
BLOCK_11 0 11.8508527940758 21.1459327 11.9457210940758 21.240801
BLOCK_12 0 17.4544453258456 16.8651045385822 17.5215273258456 16.9321865385822
BLOCK_13 0 5.58936215042809 18.1100896617609 5.65644415042808 18.1771716617609
BLOCK_14 0 17.6347546549093 5.19568926103359 17.6816588549093 5.24259346103359
BLOCK_15 0 7.28786605381922 4.14526158650479 7.40362405381922 4.26101958650479
BLOCK_16 0 17.6507367611437 5.24259346103359 17.6976409611437 5.28949766103359
BLOCK_17 0 17.5886093258456 16.8557853638605 17.6556913258456 16.9228673638605
BLOCK_18 0 17.5215273258456 16.8958400338016 17.5886093258456 16.9629220338016
BLOCK_19 0 14.3161896278285 11.704529 14.4414896278285 11.829829
BLOCK_20 0 13.8325406278285 11.36 13.9578406278285 11.4853
BLOCK_21 0 5.59938778273174 9.35132725044872 5.72468778273174 9.47662725044872
BLOCK_22 0 3.84762652106547 5.26351402374127 3.94249482106547 5.35838232374127
BLOCK_23 0 14.4589194437554 19.865214 14.5842194437554 19.990514
BLOCK_24 0 5.72468778273174 9.35879725044872 5.84998778273174 9.48409725044872
BLOCK_25 0 7.49849235381922 4.2026489336526 7.59336065381922 4.2975172336526
BLOCK_26 0 5.84998778273174 9.85569191853877 5.97528778273174 9.98099191853876
BLOCK_27 0 6.81357666367037 20.3223007283326 6.90844496367037 20.4171690283326
BLOCK_28 0 5.23294907287845 9.69763520761448 5.35824907287845 9.82293520761448
BLOCK_29 0 3.60412369103319 5.44007447090418 3.69899199103319 5.53494277090418
BLOCK_30 0 3.84762652106547 5.35838232374127 3.94249482106547 5.45325062374127
BLOCK_31 0 21.8800911714932 13.2246726247189 22.0053911714932 13.3499726247189
BLOCK_32 0 21.8647 13.3499726247189 21.99 13.4752726247189
BLOCK_33 0 3.69899199103319 5.5259271033537 3.79386029103319 5.6207954033537
BLOCK_34 0 7.17210805381922 4.09248433696735 7.28786605381922 4.20824233696735
BLOCK_35 0 7.40362405381922 4.1744521779434 7.49849235381922 4.2693204779434
BLOCK_36 0 12.273156 4.31120789795702 12.43 4.46805189795702
BLOCK_37 0 13.228607389837 10.52 13.353907389837 10.6453
BLOCK_38 0 5.16186405760691 20.5544332320247 5.2676940576069 20.6602632320247
BLOCK_39 0 19.4384581714932 13.4752726247189 19.5637581714932 13.6005726247189
BLOCK_40 0 14.0572974437554 19.8436515744427 14.4589194437554 20.2452735744427
BLOCK_41 0 12.1204094437554 18.6784611887994 12.5718514437554 19.1299031887994
BLOCK_42 0 13.4482956278285 10.847872 13.7032466278285 11.102823
BLOCK_43 0 5.71931779118949 17.88 6.02963979118949 18.190322
BLOCK_44 0 4.227684 8.86862625044872 4.710385 9.35132725044872
BLOCK_45 0 14.9702978352113 18.6312618017299 15.3307138352113 18.9916778017299
BLOCK_46 0 14.3138261714932 13.3105264617832 14.6313161714932 13.6280164617832
BLOCK_47 0 11.239001 6.1508826933685 11.59 6.5018816933685
BLOCK_48 0 13.69505 15.4330004617832 14.177751 15.9157014617832
BLOCK_49 0 12.8047444437554 19.5032171887994 13.2172974437554 19.9157701887994
BLOCK_50 0 13.6472307826697 20.0085395972345 13.9717307826697 20.3330395972345
BLOCK_51 0 13.8244199150302 17.6323215972345 14.1522919150302 17.9601935972345
BLOCK_52 0 10.1448158433929 21.784669 10.5601468433929 22.2
BLOCK_53 0 10.6323955313052 16.770031954908 11.0863775313052 17.224013954908
BLOCK_54 0 13.1005471714932 14.951316 13.4214831714932 15.272252
BLOCK_55 0 11.8760808895298 17.0870789516441 12.2994008895298 17.5103989516441
BLOCK_56 0 12.8033235313052 16.8810164617832 13.1278235313052 17.2055164617832
BLOCK_57 0 11.6365801714932 14.5903181918464 12.0545511714932 15.0082891918464
BLOCK_58 0 12.1861048433929 22.624669 12.6014358433929 23.04
BLOCK_59 0 10.6928858895298 17.2505799516441 11.0138218895298 17.5715159516441
BLOCK_60 0 12.7564981714932 14.0565091918464 13.0843701714932 14.3843811918464
BLOCK_61 0 11.6340357940758 19.643240125326 11.8889867940758 19.898191125326
BLOCK_62 0 8.53134566367037 19.7272152320247 9.05841266367037 20.2542822320247
BLOCK_63 0 12.3610548895298 17.5673041918464 12.9068568895298 18.1131061918464
BLOCK_64 0 4.79845363199312 9.35132725044872 5.20007563199312 9.75294925044872
BLOCK_65 0 7.21513694965667 16.864099 7.68364494965667 17.332607
BLOCK_66 0 20.0543671714932 14.484235 20.6586021714932 15.08847
BLOCK_67 0 12.8859358895298 18.3704891918464 13.2068718895298 18.6914251918464
BLOCK_68 0 10.282426009364 20.084468 10.731425009364 20.533467
BLOCK_69 0 14.4574476100786 14.9335246196612 14.9886726100786 15.4647496196612
BLOCK_70 0 13.9157836100786 14.8913364617832 14.4574476100786 15.4330004617832
BLOCK_71 0 12.3201477940758 19.5370881887994 12.6988297940758 19.9157701887994
BLOCK_72 0 8.4422651117324 7.1746706671147 9.0807791117324 7.81318466711471
BLOCK_73 0 2.74163679118949 17.9711766697578 3.12031879118949 18.3498586697578
BLOCK_74 0 9.96819894965667 16.344120954908 10.5098629496567 16.885784954908
BLOCK_75 0 13.9717307826697 17.9601935972345 14.3227297826697 18.3111925972345
BLOCK_76 0 11.5606368007131 15.4955261918464 11.8815728007131 15.8164621918464
BLOCK_77 0 7.58789694965667 17.5160069754161 8.08879594965667 18.0169059754161
BLOCK_78 0 15.9006258352113 21.3953889971163 16.5303078352113 22.0250709971163
BLOCK_79 0 12.0545511714932 15.2752709530903 12.5531491714932 15.7738689530903
BLOCK_80 0 19.129853 16.1578899305586 19.661078 16.6891149305586
BLOCK_81 0 12.2994008895298 16.7153821918464 12.7280028895298 17.1439841918464
BLOCK_82 0 20.2144453258456 15.08847 20.8546793258456 15.728704
BLOCK_83 0 6.90844496367037 20.119395 7.55218396367037 20.763134
BLOCK_84 0 13.5774828352113 21.122554 13.9410758352113 21.486147
BLOCK_85 0 9.45624194965667 16.0709602914639 9.96819894965667 16.5829172914639
BLOCK_86 0 9.69133420256359 17.264466954908 10.2787012025636 17.851833954908
BLOCK_87 0 15.3307138352113 18.85886410543 15.9006258352113 19.42877610543
BLOCK_88 0 6.009506 13.6740432320247 6.492207 14.1567442320247
BLOCK_89 0 10.0556591977279 8.32319272760276 10.5741181977279 8.84165172760276
BLOCK_90 0 7.126955 5.1375172336526 7.433712 5.4442742336526
BLOCK_91 0 12.1538861714932 14.3843811918464 12.5325681714932 14.7630631918464
BLOCK_92 0 11.5673141714932 15.0082891918464 12.0545511714932 15.4955261918464
BLOCK_93 0 14.9886726100786 15.081702 15.4872706100786 15.5803
BLOCK_94 0 15.8683971714932 13.0917103278241 16.3510981714932 13.5744113278241
BLOCK_95 0 8.64757378923452 10.3296346671147 9.18095878923452 10.8630196671147
BLOCK_96 0 7.94758115042808 18.5473539754161 8.42559815042808 19.0253709754161
BLOCK_97 0 15.7639991714932 13.5744113278241 16.2467001714932 14.0571123278241
BLOCK_98 0 7.5651484033784 19.187262 8.0985334033784 19.720647
BLOCK_99 0 11.4397328895298 17.5590249516441 11.8760808895298 17.9953729516441
BLOCK_100 0 5.427148 13.1471689458987 5.802781 13.5228019458987
BLOCK_101 0 12.5625278007131 15.3898039516441 13.0405448007131 15.8678209516441
BLOCK_102 0 13.5414748433929 20.678595 13.9854338433929 21.122554
BLOCK_103 0 11.4098029496567 16.5724729530903 11.8357139496567 16.9983839530903
BLOCK_104 0 11.0530561714932 14.4009679530903 11.6365801714932 14.9844919530903
BLOCK_105 0 12.6693924437554 18.6914251918464 13.2172974437554 19.2393301918464
BLOCK_106 0 16.841219 11.535813 17.151541 11.846135
BLOCK_107 0 11.1733044944 12.838949897957 11.6917634944 13.357408897957
BLOCK_108 0 13.072555 15.2985214617832 13.69505 15.9210164617832
BLOCK_109 0 13.5730161714932 13.3105264617832 14.3138261714932 14.0513364617832
BLOCK_110 0 5.983929 13.1140432320247 6.543929 13.6740432320247
BLOCK_111 0 10.413817 15.264836954908 10.831788 15.682807954908
BLOCK_112 0 10.4539821488341 7.7145746933685 10.9176631488341 8.1782556933685
BLOCK_113 0 7.01653966367037 19.709152 7.39217266367037 20.084785
BLOCK_114 0 11.2684434944 13.357408897957 11.6917634944 13.780728897957
BLOCK_115 0 9.64823194965667 15.5010482914639 10.2181439496567 16.0709602914639
BLOCK_116 0 12.0848916944793 19.1299031887994 12.4920766944793 19.5370881887994
BLOCK_117 0 17.2405471714932 13.741977 17.6743671714932 14.175797
BLOCK_118 0 12.1369676278285 10.8504485778762 12.5522986278285 11.2657795778762
BLOCK_119 0 12.5670732144704 20.563529 12.9982342144704 20.99469
BLOCK_120 0 5.59481492089153 15.2768452320247 6.05849592089152 15.7405262320247
BLOCK_121 0 16.8343671714932 15.5959505816391 17.4550921714932 16.2166755816391
BLOCK_122 0 7.73626394965667 16.5148299754161 8.11494594965667 16.8935119754161
BLOCK_123 0 9.73672066367037 18.7497202914639 10.1980226636704 19.2110222914639
BLOCK_124 0 12.0839439021355 12.0265185778762 12.5177639021355 12.4603385778762
BLOCK_125 0 10.0906444033784 17.8674389530903 10.6302744033784 18.4070689530903
BLOCK_126 0 10.1980226636704 18.984695 10.6921886636704 19.478861
BLOCK_127 0 5.65027874219856 6.46701169819412 6.07099274219857 6.88772569819412
BLOCK_128 0 13.5085986100786 14.8913364617832 13.9157836100786 15.2985214617832
BLOCK_129 0 10.7033936636704 18.5888349516441 11.2614256636704 19.146866951644
BLOCK_130 0 9.15690894965667 16.2835842914639 9.45624194965667 16.5829172914639
BLOCK_131 0 11.5043529496567 16.2411119530903 11.8357139496567 16.5724729530903
BLOCK_132 0 12.564422009364 19.9157701887994 13.209868009364 20.5612161887994
BLOCK_133 0 5.20491415042809 14.8535252320247 5.62823415042809 15.2768452320247
BLOCK_134 0 12.5325681714932 14.3843811918464 13.1005471714932 14.9523601918464
BLOCK_135 0 11.3157156636704 18.7767611918464 11.6761316636704 19.1371771918464
BLOCK_136 0 15.1422589150302 17.4764148017299 15.6585919150302 17.9927478017299
BLOCK_137 0 9.07033253130516 16.5829172914639 9.69105753130516 17.2036422914639
BLOCK_138 0 8.46447420256359 16.8883391919388 9.01438320256359 17.4382481919388
BLOCK_139 0 14.3227297826697 17.5941084617832 14.7380607826697 18.0094394617832
BLOCK_140 0 9.85215366367037 18.4150562914639 10.1868176636704 18.7497202914639
BLOCK_141 0 8.06674815042808 18.1430029754161 8.47109915042808 18.5473539754161
BLOCK_142 0 12.0545511714932 14.7630631918464 12.5325681714932 15.2410801918464
BLOCK_143 0 7.33423930853207 10.0564371919388 7.79063830853207 10.5128361919388
BLOCK_144 0 7.44524864883412 8.81267495339292 7.95279164883412 9.32021795339292
BLOCK_145 0 8.433306 5.90415591955757 8.867126 6.33797591955757
BLOCK_146 0 10.831788 15.4359339530903 11.169723 15.7738689530903
BLOCK_147 0 11.8357139496567 16.6611679516441 12.2616249496567 17.0870789516441
BLOCK_148 0 14.7380607826697 17.5941084617832 15.0859117826697 17.9419594617832
BLOCK_149 0 14.3121497826697 18.3111925972345 14.7380607826697 18.7371035972345
BLOCK_150 0 10.5825499496567 16.344120954908 11.0084609496567 16.770031954908
BLOCK_151 0 3.371151 13.7605362320247 3.778336 14.1677212320247
BLOCK_152 0 10.5741181977279 8.4991916933685 10.9314691977279 8.8565426933685
BLOCK_153 0 9.72781836825177 10.1390591411656 10.1616383682518 10.5728791411656
BLOCK_154 0 11.592175009364 20.101138 12.125560009364 20.634523
BLOCK_155 0 12.2517249691057 11.2657795778762 12.5584819691057 11.5725365778762
BLOCK_156 0 11.6625100506213 21.598152 11.9504340506213 21.886076
BLOCK_157 0 7.9097191117324 10.4731409185388 8.1815651117324 10.7449869185388
BLOCK_158 0 9.08112882555889 22.238752 9.40206482555889 22.559688
BLOCK_159 0 15.3765747826697 18.43815010543 15.7972887826697 18.85886410543
BLOCK_160 0 0.591740255528005 15.9981305501849 1.535933255528 16.9423235501849
BLOCK_161 0 9.2180834033784 17.8628702914639 9.6620424033784 18.3068292914639
BLOCK_162 0 11.8298298895298 17.9953729516441 12.3610548895298 18.5265979516441
BLOCK_163 0 12.125560009364 20.2782081887994 12.564422009364 20.7170701887994
BLOCK_164 0 8.221279 4.23599166711471 8.608706 4.62341866711471
BLOCK_165 0 11.4449198895298 17.1278639516441 11.8760808895298 17.5590249516441
BLOCK_166 0 11.1355537940758 20.979389 11.4634257940758 21.307261
BLOCK_167 0 16.3510981714932 12.806135 17.2869401714932 13.741977
BLOCK_168 0 7.47649474219856 6.71838095339292 7.77582774219856 7.01771395339292
BLOCK_169 0 15.49632690195 15.894747 15.84417790195 16.242598
BLOCK_170 0 15.49632690195 16.350159 15.83426190195 16.688094
BLOCK_171 0 9.69105753130516 16.885784954908 10.0389085313052 17.233635954908
BLOCK_172 0 7.002498 15.6643521919388 7.265937 15.9277911919388
BLOCK_173 0 11.8225251714932 14.2589571918464 12.1538861714932 14.5903181918464
BLOCK_174 0 12.5584819691057 11.3898 13.0124639691057 11.843782
BLOCK_175 0 12.1819429901405 12.8666941918464 12.5133039901405 13.1980551918464
BLOCK_176 0 7.80400466367037 19.8629589754161 8.13536566367037 20.1943199754161
BLOCK_177 0 10.6574763682518 10.842012897957 11.1259843682518 11.310520897957
BLOCK_178 0 9.66339566367037 20.577053 10.0079246636704 20.921582
BLOCK_179 0 2.52 13.4033400955944 2.94332 13.8266600955944
BLOCK_180 0 9.0807791117324 7.65503977962537 9.6546261117324 8.22888677962537
BLOCK_181 0 7.03462 7.08072919193882 7.395036 7.44114519193882
BLOCK_182 0 11.7269229691057 12.1034545778762 12.0148469691057 12.3913785778762
BLOCK_183 0 6.221452 14.5364001919388 6.814495 15.1294431919388
BLOCK_184 0 6.05849592089153 15.6236091919388 6.29974292089152 15.8648561919388
BLOCK_185 0 7.265937 15.325797 7.843691 15.903551
BLOCK_186 0 5.20007563199312 9.11450325044872 5.56966963199312 9.48409725044872
BLOCK_187 0 6.52265494965667 15.9277911919388 7.24667194965667 16.6518081919388
BLOCK_188 0 12.9357349021355 12.3808754617832 13.2460569021355 12.6911974617832
BLOCK_189 0 8.46419753130516 16.2822041919388 9.07033253130516 16.8883391919388
BLOCK_190 0 10.6921886636704 19.687991951644 11.0301236636704 20.025926951644
BLOCK_191 0 9.51884974219856 7.08036477962537 9.87620074219856 7.43771577962537
BLOCK_192 0 10.1488161714932 14.3078552914639 10.5774181714932 14.7364572914639
BLOCK_193 0 8.7764601117324 8.94472266711471 9.2614341117324 9.42969666711471
BLOCK_194 0 5.333237 12.4964769458987 5.983929 13.1471689458987
BLOCK_195 0 9.73261582555889 21.751541 10.0836148255589 22.10254
BLOCK_196 0 11.2194749691057 10.933259897957 11.4913209691057 11.205105897957
BLOCK_197 0 11.0955908433929 21.385177 11.5964898433929 21.886076
BLOCK_198 0 13.6598898352113 21.5923395744427 14.0778608352113 22.0103105744427
BLOCK_199 0 10.7785046944793 19.289243951644 11.1772526944793 19.687991951644
BLOCK_200 0 5.44519236825176 8.46905725044872 6.09063836825176 9.11450325044872
BLOCK_201 0 16.4768359691057 11.5613193278241 16.7360659691057 11.8205493278241
BLOCK_202 0 15.7639991714932 12.1358365986308 16.2325071714932 12.6043445986308
BLOCK_203 0 9.09335314883414 8.34117891955757 9.35258314883414 8.60040891955757
BLOCK_204 0 7.265937 14.755885 7.835849 15.325797
BLOCK_205 0 7.95279164883412 8.41271866711471 8.52077064883412 8.98069766711471
BLOCK_206 0 8.12953353130516 16.5393869754161 8.46419753130516 16.8740509754161
BLOCK_207 0 6.7578074033784 18.517363 7.5651484033784 19.324704
BLOCK_208 0 9.54221330853207 11.1186811411656 10.0627903085321 11.6392581411656
BLOCK_209 0 8.07964759103319 5.91062466711471 8.39713759103319 6.22811466711471
BLOCK_210 0 6.761251 15.5080281919388 7.002498 15.7492751919388
BLOCK_211 0 9.17262694965667 15.5953552914639 9.64823194965667 16.0709602914639
BLOCK_212 0 5.72713492089153 14.9406754824474 6.05849592089152 15.2720364824474
BLOCK_213 0 5.148532 7.24846409127972 5.832783 7.93271509127972
BLOCK_214 0 7.02352017149318 14.2446811919388 7.31523917149318 14.5364001919388
BLOCK_215 0 8.08879594965667 17.5264219754161 8.34802594965667 17.7856519754161
BLOCK_216 0 7.64939730853207 11.3724694195576 8.34660630853207 12.0696784195576
BLOCK_217 0 10.731425009364 20.038448 11.187824009364 20.494847
BLOCK_218 0 9.398572 9.27838577962537 9.755923 9.63573677962537
BLOCK_219 0 11.6917634944 13.2358939530903 12.2752874944 13.8194179530903
BLOCK_220 0 8.24604692089152 16.0409571919388 8.48729392089152 16.2822041919388
BLOCK_221 0 9.19193349440002 13.0246162914639 9.92970049440002 13.7623832914639
BLOCK_222 0 3.46019952106547 5.05002569819412 3.84762652106547 5.43745269819412
BLOCK_223 0 10.1565773682518 10.7641086933685 10.6574763682518 11.2650076933685
BLOCK_224 0 13.1198948433929 22.5568577407592 13.4578298433929 22.8947927407592
BLOCK_225 0 8.79056530853207 10.8856026671147 9.06660830853207 11.1616456671147
BLOCK_226 0 11.8889867940758 19.669977 12.3201477940758 20.101138
BLOCK_227 0 10.6574763682518 11.426724897957 10.9921403682518 11.761388897957
BLOCK_228 0 9.75225382555889 21.42018 10.0836148255589 21.751541
BLOCK_229 0 10.6774231714932 14.480099954908 11.0530561714932 14.855732954908
BLOCK_230 0 7.70363782555889 22.486014 8.25762382555889 23.04
BLOCK_231 0 9.17262694965667 15.2050992914639 9.56288294965667 15.5953552914639
BLOCK_232 0 5.333237 12.0231909458987 5.806523 12.4964769458987
BLOCK_233 0 9.95308314883414 7.82229372760276 10.4539821488341 8.32319272760276
BLOCK_234 0 8.25762382555889 22.472021 8.82560282555889 23.04
BLOCK_235 0 12.3610548895298 18.1131061918464 12.8859358895298 18.6379871918464
BLOCK_236 0 7.27071530853207 11.7050786671147 7.64939730853207 12.0837606671147
BLOCK_237 0 6.553108 5.3885789553953 7.126955 5.9624259553953
BLOCK_238 0 9.361302 14.1380162914639 9.727908 14.5046222914639
BLOCK_239 0 9.78221017149318 14.3698512914639 10.1488161714932 14.7364572914639
BLOCK_240 0 10.452769 14.855732954908 10.828402 15.231365954908
BLOCK_241 0 5.478281 13.8473019458987 6.009506 14.3785269458987
BLOCK_242 0 10.5601468433929 21.932567 11.2261048433929 22.598525
BLOCK_243 0 5.71931779118949 17.363667 6.23565079118949 17.88
BLOCK_244 0 17.0829709691057 10.52 17.6308759691057 11.067905
BLOCK_245 0 6.07099274219856 6.67630925044872 6.49170674219856 7.09702325044872
BLOCK_246 0 9.361302 14.5046222914639 9.649226 14.7925462914639
BLOCK_247 0 4.45713263199312 9.35132725044872 4.79845363199312 9.69264825044872
BLOCK_248 0 5.0116052582413 21.0485992320247 5.3931812582413 21.4301752320247
BLOCK_249 0 9.82249309240635 12.171266897957 10.1434290924063 12.492202897957
BLOCK_250 0 8.25857600936398 20.2382549754161 8.53042200936398 20.5101009754161
BLOCK_251 0 10.0389085313052 16.885784954908 10.4175905313052 17.264466954908
BLOCK_252 0 11.8760808895298 17.5103989516441 12.3610548895298 17.9953729516441
BLOCK_253 0 13.2172974437554 18.2854095972345 13.5959794437554 18.6640915972345
BLOCK_254 0 7.58716515042808 18.826846 7.94758115042808 19.187262
BLOCK_255 0 8.71423774219856 6.36210095339291 9.51884974219856 7.16671295339292
BLOCK_256 0 5.72620608682845 3.67024125044872 6.23157708682845 4.17561225044872
BLOCK_257 0 5.478281 13.5228019458987 5.802781 13.8473019458987
BLOCK_258 0 11.0138218895298 17.2680659530903 11.4397328895298 17.6939769530903
BLOCK_259 0 7.76514590459096 21.258739 8.25931190459096 21.752905
BLOCK_260 0 5.48856374219856 5.05002569819412 5.91972474219856 5.48118669819412
BLOCK_261 0 10.1861801117324 11.2650076933685 10.4700811117324 11.5489086933685
BLOCK_262 0 10.9757839496567 15.7738689530903 11.3484769496567 16.1465619530903
BLOCK_263 0 3.066748 7.54666894589866 3.387684 7.86760494589866
BLOCK_264 0 9.38702500936398 19.9838582914639 9.83846700936398 20.4353002914639
BLOCK_265 0 12.649235 14.9523601918464 13.072555 15.3756801918464
BLOCK_266 0 9.31265220256359 17.2036422914639 9.60828720256359 17.4992772914639
BLOCK_267 0 5.45400778273174 9.48409725044872 5.84998778273174 9.88007725044872
BLOCK_268 0 11.227015 7.67900189795702 11.53 7.98198689795702
BLOCK_269 0 8.8273844033784 18.8509032320247 9.3370904033784 19.3606092320247
BLOCK_270 0 2.1670224698604 18.6311766697578 2.8413364698604 19.3054906697578
BLOCK_271 0 13.0941402144704 20.5612161887994 13.5330022144704 21.0000781887994
BLOCK_272 0 11.5964898433929 21.240801 11.9538408433929 21.598152
BLOCK_273 0 5.80275884339289 19.0612869754161 6.1272588433929 19.3857869754161
BLOCK_274 0 11.0784419496567 16.1465619530903 11.5043529496567 16.5724729530903
BLOCK_275 0 6.46696996367037 19.8555342320247 6.90844496367037 20.2970092320247
BLOCK_276 0 6.39326914883414 7.13929325044872 6.90737014883414 7.65339425044872
BLOCK_277 0 5.64249414883414 6.16767869819412 5.94182714883414 6.46701169819412
BLOCK_278 0 1.30113800000001 10.9367950955944 1.74000000000001 11.3756570955944
BLOCK_279 0 7.24667194965667 16.374507 7.73626394965667 16.864099
BLOCK_280 0 8.27405126488284 4.88276591955757 8.58080826488284 5.18952291955757
BLOCK_281 0 7.51397414883414 8.40012195339292 7.92652714883414 8.81267495339292
BLOCK_282 0 13.2383521714932 13.695718 13.5730161714932 14.030382
BLOCK_283 0 7.77582774219856 6.22811466711471 8.30705274219856 6.75933966711471
BLOCK_284 0 10.0767427940758 19.478861 10.6791547940758 20.081273
BLOCK_285 0 8.87157409240634 11.8769044195576 9.13080409240634 12.1361344195576
BLOCK_286 0 12.5725846278285 10.52 12.9984956278285 10.945911
BLOCK_287 0 11.8980419901405 12.7579845778762 12.1819429901405 13.0418855778762
BLOCK_288 0 11.8391719691057 11.310520897957 12.2517249691057 11.723073897957
BLOCK_289 0 6.02666314883414 7.65100925044872 6.39326914883414 8.01761525044872
BLOCK_290 0 8.52077064883412 8.42184591955757 9.02386064883412 8.92493591955757
BLOCK_291 0 6.92721800936398 20.8980212320247 7.25509000936398 21.2258932320247
BLOCK_292 0 6.9672588433929 22.517219 7.4900398433929 23.04
BLOCK_293 0 8.3274611117324 9.06412366711471 8.7764601117324 9.51312266711471
BLOCK_294 0 10.7913203682518 10.507348897957 11.1259843682518 10.842012897957
BLOCK_295 0 19.5637581714932 13.1625713278241 20.0800911714932 13.6789043278241
BLOCK_296 0 14.8928605370764 16.7132638017299 15.6560115370764 17.4764148017299
BLOCK_297 0 10.2181439496567 15.682807954908 10.5098629496567 15.974526954908
BLOCK_298 0 16.2467001714932 13.741977 16.8205471714932 14.315824
BLOCK_299 0 10.5774181714932 14.104466954908 10.9530511714932 14.480099954908
BLOCK_300 0 11.6761316636704 18.8259309516441 11.9970676636704 19.1468669516441
BLOCK_301 0 7.42471236825176 12.0837606671147 7.75937636825176 12.4184246671147
BLOCK_302 0 6.164414 6.16901119193882 6.660801 6.66539819193882
BLOCK_303 0 10.3551361714932 13.631180954908 10.8284221714932 14.104466954908
BLOCK_304 0 8.32188096911453 13.6357829185388 8.70056296911453 14.0144649185388
BLOCK_305 0 10.9530511714932 13.9009341107569 11.2409751714932 14.1888581107569
BLOCK_306 0 19.4558580221764 11.803667 19.9721910221764 12.32
BLOCK_307 0 16.2227301714932 15.2213361417469 16.8343671714932 15.8329731417469
BLOCK_308 0 4.875869 13.7012042320247 5.478281 14.3036162320247
BLOCK_309 0 10.1616383682518 10.1201253768218 10.7913203682518 10.7498073768218
BLOCK_310 0 6.57697817149318 14.0898581919388 7.02352017149318 14.5364001919388
BLOCK_311 0 13.1603716278285 10.973172 13.4482956278285 11.261096
BLOCK_312 0 14.3187176278285 11.36 14.6632466278285 11.704529
BLOCK_313 0 8.36171236825176 11.7129829185388 8.78503236825176 12.1363029185388
BLOCK_314 0 10.4260874944 13.0758281107569 10.8386404944 13.4883811107569
BLOCK_315 0 10.1434290924063 12.0426966933685 10.6443280924063 12.5435956933685
BLOCK_316 0 10.1434290924063 12.5435956933685 10.5998280924063 12.9999946933685
BLOCK_317 0 6.93179230853207 11.2460481919388 7.28279130853207 11.5970471919388
BLOCK_318 0 13.7368239691057 11.4853 14.2509249691057 11.999401
BLOCK_319 0 14.2520931714932 12.3096214617832 14.8039991714932 12.8615274617832
BLOCK_320 0 7.4309398433929 22.037015 7.8799388433929 22.486014
BLOCK_321 0 15.7639991714932 12.6605493278241 16.1951601714932 13.0917103278241
BLOCK_322 0 10.0138151714932 13.9665342914639 10.3551361714932 14.3078552914639
BLOCK_323 0 11.581136 10.5326701107569 11.922457 10.8739911107569
BLOCK_324 0 5.71931779118949 16.8290241919388 6.12093979118949 17.2306461919388
BLOCK_325 0 6.49170674219856 6.66539819193882 6.95061874219856 7.12431019193882
BLOCK_326 0 10.2951527516127 20.533467 10.6738347516127 20.912149
BLOCK_327 0 8.5028844033784 19.0361092320247 8.8273844033784 19.3606092320247
BLOCK_328 0 9.05342220256359 17.293349 9.31265220256359 17.552579
BLOCK_329 0 12.9590381714932 13.2136450631778 13.2350811714932 13.4896880631778
BLOCK_330 0 1.65894679118949 16.1311766697578 2.27237979118949 16.7446096697578
BLOCK_331 0 7.32773800936398 20.763134 7.63072300936398 21.066119
BLOCK_332 0 9.35258314883414 8.22888677962537 9.95308314883414 8.82938677962537
BLOCK_333 0 11.1973946944793 19.146866951644 11.6045796944793 19.554051951644
BLOCK_334 0 8.92913966367037 19.4511722320247 9.20518266367037 19.7272152320247
BLOCK_335 0 10.589036 9.7661426933685 10.880755 10.0578616933685
BLOCK_336 0 11.9538408433929 21.1269481887994 12.4914278433929 21.6645351887994
BLOCK_337 0 7.796381 13.838865 8.177957 14.220441
BLOCK_338 0 12.4188755313052 17.1439841918464 12.8033235313052 17.5284321918464
BLOCK_339 0 6.253052 14.1567442320247 6.573988 14.4776802320247
BLOCK_340 0 13.4958418433929 22.550408 13.9854338433929 23.04
BLOCK_341 0 10.8460889691057 11.761388897957 11.2559669691057 12.171266897957
BLOCK_342 0 2.529161 7.31956225332618 3.066748 7.85714925332618
BLOCK_343 0 13.2350811714932 13.1091684617832 13.5730161714932 13.4471034617832
BLOCK_344 0 13.7015328433929 20.394694 13.9854338433929 20.678595
BLOCK_345 0 8.57655040337839 18.0814859754161 9.12445540337839 18.6293909754161
BLOCK_346 0 7.25400778273174 9.32227791853876 7.84890278273174 9.91717291853876
BLOCK_347 0 5.3931812582413 21.207599 5.8781552582413 21.692573
BLOCK_348 0 5.94182714883414 8.01761525044872 6.39326914883414 8.46905725044872
BLOCK_349 0 8.30705274219856 6.34419695339291 8.71423774219856 6.75138195339291
BLOCK_350 0 8.34471894965667 15.6743511919388 8.71132494965667 16.0409571919388
BLOCK_351 0 11.5328618433929 21.886076 11.8167628433929 22.169977
BLOCK_352 0 0.84 20.7788546354665 1.778243 21.7170976354665
BLOCK_353 0 12.9176549901405 12.6911974617832 13.3356259901405 13.1091684617832
BLOCK_354 0 8.44614694965667 17.7118919754161 8.81574094965667 18.0814859754161
BLOCK_355 0 11.3433664033784 18.0574281918464 11.6426994033784 18.3567611918464
BLOCK_356 0 12.2041378805992 21.7264095744427 12.4880388805992 22.0103105744427
BLOCK_357 0 7.86133236825177 10.9937874195576 8.24001436825177 11.3724694195576
BLOCK_358 0 11.9202368805992 21.886076 12.2041378805992 22.169977
BLOCK_359 0 10.6443280924063 12.171266897957 10.9756890924063 12.502627897957
BLOCK_360 0 8.954613 9.42969666711471 9.398572 9.87365566711471
BLOCK_361 0 14.8275018433929 22.092114 15.2234818433929 22.488094
BLOCK_362 0 9.455336 5.36820395339292 9.79 5.70286795339292
BLOCK_363 0 15.3857688352113 22.155841 15.7302978352113 22.50037
BLOCK_364 0 10.880755 9.78198689795702 11.21869 10.119921897957
BLOCK_365 0 7.93572492089153 16.2045079754161 8.24604692089152 16.5148299754161
BLOCK_366 0 8.753972 14.6000907796254 9.236673 15.0827917796254
BLOCK_367 0 7.10642679118949 18.163244 7.46054579118949 18.517363
BLOCK_368 0 13.8342839021355 12.1356465986308 14.1299189021355 12.4312815986308
BLOCK_369 0 8.867126 5.85455795339292 9.374669 6.36210095339292
BLOCK_370 0 9.37011466367037 18.8444162914639 9.73672066367037 19.2110222914639
BLOCK_371 0 8.38673800936398 20.738075 8.78836000936398 21.139697
BLOCK_372 0 7.92652714883414 7.81318466711471 8.52142214883414 8.40807966711471
BLOCK_373 0 4.4529034698604 19.7986922320247 4.8070224698604 20.1528112320247
BLOCK_374 0 9.236673 14.7925462914639 9.649226 15.2050992914639
BLOCK_375 0 5.832783 7.09702325044872 6.386769 7.65100925044872
BLOCK_376 0 2.767496 10.4756570955944 3.44181 11.1499710955944
BLOCK_377 0 5.76702246986039 19.8555342320247 6.3466774698604 20.4351892320247
BLOCK_378 0 9.13080409240634 11.7876236671147 9.64926309240634 12.3060826671147
BLOCK_379 0 11.187824009364 20.090496 11.592175009364 20.494847
BLOCK_380 0 6.814495 14.9752621919388 7.265937 15.4267041919388
BLOCK_381 0 8.34660630853207 9.51312266711471 8.76992630853207 9.93644266711471
BLOCK_382 0 16.4768359691057 10.52 17.0829709691057 11.126135
BLOCK_383 0 9.63526779407582 19.2110222914639 10.0767427940758 19.6524972914639
BLOCK_384 0 13.3744419691057 10.52 13.7023139691057 10.847872
BLOCK_385 0 9.64926309240634 11.677100897957 10.1434290924063 12.171266897957
BLOCK_386 0 7.33161456561863 12.9033986671147 7.72187056561863 13.2936546671147
BLOCK_387 0 4.6630972582413 20.5544332320247 5.1572632582413 21.0485992320247
BLOCK_388 0 5.8781552582413 21.0504942320247 6.2934862582413 21.4658252320247
BLOCK_389 0 8.72342549440002 13.5181497796254 9.19193349440002 13.9866577796254
BLOCK_390 0 11.7173379021355 12.3913785778762 12.0839439021355 12.7579845778762
BLOCK_391 0 7.79063830853207 9.91717291853876 8.34660630853207 10.4731409185388
BLOCK_392 0 8.42559815042808 18.6293909754161 8.82157815042808 19.0253709754161
BLOCK_393 0 10.0836148255589 21.424253 10.4440308255589 21.784669
BLOCK_394 0 7.835849 14.7801251919388 8.25118 15.1954561919388
BLOCK_395 0 7.32039214883414 7.79398695339292 7.92652714883414 8.40012195339292
BLOCK_396 0 11.915899 9.78198689795702 12.43 10.296087897957
BLOCK_397 0 8.64757378923452 9.9364426671147 9.04076578923452 10.3296346671147
BLOCK_398 0 13.9854338433929 22.0103105744427 14.5689578433929 22.5938345744427
BLOCK_399 0 6.25000979118949 17.2017171919388 6.80399579118949 17.7557031919388
BLOCK_400 0 8.83940140337839 17.7028039754161 9.2180834033784 18.0814859754161
BLOCK_401 0 11.8210764437554 18.5265979516441 12.1204094437554 18.8259309516441
BLOCK_402 0 3.1521838433929 22.5898586697578 3.5728978433929 23.0105726697578
BLOCK_403 0 10.1126611488341 7.48097272760276 10.4539821488341 7.82229372760276
BLOCK_404 0 11.1259843682518 10.507348897957 11.5518953682518 10.933259897957
BLOCK_405 0 13.3537849691057 11.762322 13.7294179691057 12.137955
BLOCK_406 0 17.5543671714932 15.2813361417469 17.9417941714932 15.6687631417469
BLOCK_407 0 9.22538979407582 19.5739802914639 9.63526779407582 19.9838582914639
BLOCK_408 0 6.42457090459096 21.745336 6.75923490459096 22.08
BLOCK_409 0 14.8667779901405 13.5571704617832 15.3609439901405 14.0513364617832
BLOCK_410 0 16.1592248376706 18.2361469971163 16.8184668376706 18.8953889971163
BLOCK_411 0 8.265168 14.5843769185388 8.747869 15.0670779185388
BLOCK_412 0 8.0985334033784 19.0253709754161 8.5028844033784 19.4297219754161
BLOCK_413 0 8.29972278923452 10.4731409185388 8.64757378923452 10.8209919185388
BLOCK_414 0 11.6045796944793 19.146866951644 12.0848916944793 19.627178951644
BLOCK_415 0 10.8386404944 12.9102016933685 11.1733044944 13.2448656933685
BLOCK_416 0 10.2787943682518 11.6640146933685 10.6574763682518 12.0426966933685
BLOCK_417 0 14.1326098433929 22.5938345744427 14.5689578433929 23.0301825744427
BLOCK_418 0 6.84211330853207 11.6021996671147 7.27071530853207 12.0308016671147
BLOCK_419 0 4.4529034698604 20.175471 4.7974324698604 20.52
BLOCK_420 0 8.71132494965667 15.8209021919388 9.17262694965667 16.2822041919388
BLOCK_421 0 5.80926590459096 20.4351892320247 6.42457090459096 21.0504942320247
BLOCK_422 0 10.7913203682518 10.119921897957 11.1787473682518 10.507348897957
BLOCK_423 0 7.100106 13.827249 7.493298 14.220441
BLOCK_424 0 14.7380607826697 17.9927478017299 15.3765747826697 18.6312618017299
BLOCK_425 0 9.7104331117324 8.84165172760276 10.1363441117324 9.26756272760275
BLOCK_426 0 11.187824009364 19.575125 11.572272009364 19.959573
BLOCK_427 0 10.5998280924063 12.5435956933685 10.9664340924063 12.9102016933685
BLOCK_428 0 5.1990544698604 19.9910381919388 5.7407184698604 20.5327021919388
BLOCK_429 0 11.2261048433929 21.893243 11.5328618433929 22.2
BLOCK_430 0 19.3150431714932 14.0693507899604 20.0543671714932 14.8086747899604
BLOCK_431 0 13.3356259901405 12.6338876550874 13.7795849901405 13.0778466550874
BLOCK_432 0 12.9984956278285 10.6453 13.3229956278285 10.9698
BLOCK_433 0 10.454728 7.3418816933685 10.827421 7.7145746933685
BLOCK_434 0 6.668945 13.6586971919388 7.100106 14.0898581919388
BLOCK_435 0 10.4169368255589 22.598525 10.8584118255589 23.04
BLOCK_436 0 13.2840438433929 22.108933 13.7255188433929 22.550408
BLOCK_437 0 8.24001436825177 10.8209919185388 8.62446236825176 11.2054399185388
BLOCK_438 0 13.0124639691057 11.63069 13.3537849691057 11.972011
BLOCK_439 0 9.462128 5.70286795339292 9.79 6.03073995339291
BLOCK_440 0 10.731425009364 20.494847 11.185407009364 20.948829
BLOCK_441 0 8.40327182555889 21.507985 8.73793582555889 21.842649
BLOCK_442 0 10.6105331977279 8.1782556933685 10.9314691977279 8.4991916933685
BLOCK_443 0 8.49085922477193 3.69636166711471 9.03048922477193 4.23599166711471
BLOCK_444 0 16.8902978352113 20.5761469971163 17.3539788352113 21.0398279971163
BLOCK_445 0 9.374669 6.03073995339292 9.70603 6.36210095339291
BLOCK_446 0 12.2511271714932 13.8790101918464 12.7564981714932 14.3843811918464
BLOCK_447 0 10.182996009364 20.912149 10.667970009364 21.397123
BLOCK_448 0 12.2752874944 13.1980551918464 12.9562424944 13.8790101918464
BLOCK_449 0 6.47081900936398 20.419454 6.90716700936398 20.855802
BLOCK_450 0 6.82770994965667 17.1367821919388 7.21513694965667 17.5242091919388
BLOCK_451 0 9.6620424033784 17.9864542914639 10.0906444033784 18.4150562914639
BLOCK_452 0 10.5601468433929 21.397123 11.0955908433929 21.932567
BLOCK_453 0 13.3201829021355 12.137955 13.6680339021355 12.485806
BLOCK_454 0 5.34075790459096 20.5327021919388 5.80926590459096 21.0012101919388
BLOCK_455 0 7.09424964883412 8.61593525044872 7.44524864883412 8.96693425044872
BLOCK_456 0 5.448774 5.48118669819412 5.945161 5.97757369819413
BLOCK_457 0 11.954395 8.34638189795702 12.43 8.82198689795702
BLOCK_458 0 10.667970009364 20.948829 11.104318009364 21.385177
BLOCK_459 0 9.64830166367037 19.6524972914639 9.97966266367037 19.9838582914639
BLOCK_460 0 6.92721800936398 21.2258932320247 7.28456900936398 21.5832442320247
BLOCK_461 0 13.7795849901405 12.97925 14.0899069901405 13.289572
BLOCK_462 0 12.2892428433929 22.0110557407592 12.7382418433929 22.4600547407592
BLOCK_463 0 10.857421 7.3449806933685 11.227015 7.7145746933685
BLOCK_464 0 8.20347366367037 19.4297219754161 8.53134566367037 19.7575939754161
BLOCK_465 0 4.0990932582413 20.547331 4.6630972582413 21.111335
BLOCK_466 0 7.203903 5.4442742336526 7.573497 5.8138682336526
BLOCK_467 0 13.3922949691057 11.36 13.7368239691057 11.704529
BLOCK_468 0 4.09085 3.67092173877141 4.62 4.20007173877141
BLOCK_469 0 15.1906678352113 22.50037 15.7302978352113 23.04
BLOCK_470 0 9.32774120256359 17.4992772914639 9.69133420256359 17.8628702914639
BLOCK_471 0 19.661078 15.8088809305586 20.31 16.4578029305586
BLOCK_472 0 11.8357139496567 15.8678209516441 12.6290609496567 16.6611679516441
BLOCK_473 0 8.22703849440002 12.6590839185388 8.70735049440002 13.1393959185388
BLOCK_474 0 3.11237979118949 16.8567439425015 3.96031879118949 17.7046829425015
BLOCK_475 0 8.59686694965667 15.0827917796254 9.17262694965667 15.6585517796254
BLOCK_476 0 11.966319 9.24198689795702 12.43 9.70566789795702
BLOCK_477 0 13.8705171714932 12.4312815986308 14.2520931714932 12.8128575986308
BLOCK_478 0 7.24567749440002 13.342275 7.73065149440002 13.827249
BLOCK_479 0 18.668551 16.2501111417469 19.129853 16.7114131417469
BLOCK_480 0 12.7382418433929 21.975739 13.2840438433929 22.521541
BLOCK_481 0 11.4634257940758 20.853374 11.8508527940758 21.240801
BLOCK_482 0 14.5389059901405 13.7223663278241 14.8667779901405 14.0502383278241
BLOCK_483 0 4.7974324698604 20.1528112320247 5.1990544698604 20.5544332320247
BLOCK_484 0 6.48166630853207 10.4709752504487 7.05742630853207 11.0467352504487
BLOCK_485 0 7.9015501117324 9.32021795339292 8.3274611117324 9.74612895339292
BLOCK_486 0 5.97470636825177 11.6609919185388 6.54461836825177 12.2309039185388
BLOCK_487 0 7.95041192089152 15.9088729754161 8.24604692089152 16.2045079754161
BLOCK_488 0 3.9 14.2111766697578 4.441664 14.7528406697578
BLOCK_489 0 4.62319507287845 9.75294925044872 5.23294907287845 10.3627032504487
BLOCK_490 0 11.21869 9.78198689795702 11.915899 10.479195897957
BLOCK_491 0 7.28750136825177 12.4184246671147 7.77247536825177 12.9033986671147
BLOCK_492 0 9.61077536825177 10.5728791411656 10.1565773682518 11.1186811411656
BLOCK_493 0 3.96031879118949 16.7813726981941 4.61101079118949 17.4320646981941
BLOCK_494 0 12.5670732144704 20.99469 13.0941402144704 21.521757
BLOCK_495 0 16.5702978352113 22.561983 17.0483148352113 23.04
BLOCK_496 0 17.8114100221764 12.027905 18.1958580221764 12.412353
BLOCK_497 0 13.9854338433929 21.0852735744427 14.4007648433929 21.5006045744427
BLOCK_498 0 10.0128190764643 13.6351732914639 10.3441800764643 13.9665342914639
BLOCK_499 0 12.5177639021355 11.9912851918464 12.9357349021355 12.4092561918464
BLOCK_500 0 4.01032636825176 11.7214912320247 4.49063836825176 12.2018032320247
BLOCK_501 0 11.4850529691057 11.2218421107569 11.8391719691057 11.5759611107569
BLOCK_502 0 6.95061874219856 6.66539819193882 7.36594974219856 7.08072919193882
BLOCK_503 0 9.12613609240634 12.3603122914639 9.79044009240635 13.0246162914639
BLOCK_504 0 9.63718607646434 13.7623832914639 10.0128190764643 14.1380162914639
BLOCK_505 0 7.28279130853207 11.3384726671147 7.64939730853207 11.7050786671147
BLOCK_506 0 9.79044009240634 12.6552356671147 10.1251040924063 12.9898996671147
BLOCK_507 0 13.2172974437554 18.6640915972345 13.6017454437554 19.0485395972345
BLOCK_508 0 12.6014358433929 22.521541 13.1198948433929 23.04
BLOCK_509 0 6.3912014033784 18.6976682914639 6.7578074033784 19.0642742914639
BLOCK_510 0 10.8386404944 13.357408897957 11.1799614944 13.698729897957
BLOCK_511 0 11.59 4.31120789795702 12.077237 4.79844489795702
BLOCK_512 0 14.1797685370764 16.8810164617832 14.8928605370764 17.5941084617832
BLOCK_513 0 4.98912823651703 6.88185809127972 5.35573423651703 7.24846409127972
BLOCK_514 0 4.24362 10.3627032504487 4.730857 10.8499402504487
BLOCK_515 0 18.7672083258456 16.7114131417469 19.2544453258456 17.1986501417469
BLOCK_516 0 7.573497 5.90717866711471 7.894433 6.22811466711471
BLOCK_517 0 14.9178406278285 10.52 15.5032466278285 11.105406
BLOCK_518 0 8.22703849440002 13.1393959185388 8.72342549440002 13.6357829185388
BLOCK_519 0 6.51848936825177 11.1896466671147 6.93104236825177 11.6021996671147
BLOCK_520 0 16.4871 11.2072003278241 16.841219 11.5613193278241
BLOCK_521 0 10.63 6.1231996933685 11.008682 6.5018816933685
BLOCK_522 0 6.53470636825176 12.2461289533929 7.28750136825177 12.9989239533929
BLOCK_523 0 4.82762736825176 11.9147896697578 5.32401436825176 12.4111766697578
BLOCK_524 0 10.452769 15.974526954908 10.822363 16.344120954908
BLOCK_525 0 4.92031879118949 17.2017171919388 5.71931779118949 18.0007161919388
BLOCK_526 0 8.25762382555889 21.842649 8.61497482555889 22.2
BLOCK_527 0 8.27593094965667 15.097641 8.59686694965667 15.418577
BLOCK_528 0 8.34660630853207 11.2054399185388 8.85414930853207 11.7129829185388
BLOCK_529 0 10.6302744033784 17.6939769530903 11.3433664033784 18.4070689530903
BLOCK_530 0 3.96123336825177 12.8390719191243 4.48401436825177 13.3618529191243
BLOCK_531 0 3.86181 12.2018032320247 4.493237 12.8332302320247
BLOCK_532 0 3.44181 10.6653589458987 4.24362 11.4671689458987
BLOCK_533 0 10.024466 4.28558068628345 10.75 5.01111468628345
BLOCK_534 0 12.9357349021355 11.9964274617832 13.3201829021355 12.3808754617832
BLOCK_535 0 9.24764182555889 21.715026 9.73261582555889 22.2
BLOCK_536 0 6.1272588433929 19.2353514824474 6.67104184339289 19.7791344824474
BLOCK_537 0 13.1342898433929 21.078962 13.5414748433929 21.486147
BLOCK_538 0 3.64993 8.82760494589866 4.227684 9.40535894589866
BLOCK_539 0 8.60335509240635 12.1363029185388 9.12613609240634 12.6590839185388
BLOCK_540 0 6.827075 14.5364001919388 7.265937 14.9752621919388
BLOCK_541 0 11.2559669691057 11.6749011918464 11.7269229691057 12.1458571918464
BLOCK_542 0 2.14517500936398 22.521541 2.66363400936398 23.04
BLOCK_543 0 8.58080826488284 5.13992495339292 9.29544126488284 5.85455795339291
BLOCK_544 0 13.1702978352113 21.486147 13.6598898352113 21.975739
BLOCK_545 0 8.72342549440002 13.0375814023355 9.19193349440002 13.5060894023355
BLOCK_546 0 4.89022774219856 6.17192809127972 5.60015774219856 6.88185809127972
BLOCK_547 0 8.171309 6.7593396671147 8.58664 7.1746706671147
BLOCK_548 0 7.73065149440002 13.420894 8.14862249440002 13.838865
BLOCK_549 0 10.1980226636704 18.4070689530903 10.7033936636704 18.9124399530903
BLOCK_550 0 13.3158095370764 16.8810164617832 13.7597685370764 17.3249754617832
BLOCK_551 0 5.945161 5.05002569819412 6.553108 5.65797269819412
BLOCK_552 0 14.2605918352113 21.5006045744427 14.7702978352113 22.0103105744427
BLOCK_553 0 7.88493082555889 22.113321 8.25762382555889 22.486014
BLOCK_554 0 7.89720782555889 21.752905 8.25762382555889 22.113321
BLOCK_555 0 2.64 6.48788032383918 3.34993 7.19781032383918
BLOCK_556 0 9.1244554033784 18.3068292914639 9.6620424033784 18.8444162914639
BLOCK_557 0 8.87157409240634 11.3386246671147 9.32057309240635 11.7876236671147
BLOCK_558 0 6.660801 5.9624259553953 7.126955 6.4285799553953
BLOCK_559 0 8.608706 4.36839591955757 9.184466 4.94415591955757
BLOCK_560 0 7.84197920256359 16.8935119754161 8.46447420256359 17.5160069754161
BLOCK_561 0 7.85068317149318 14.4351614195576 8.16468917149318 14.7491674195576
BLOCK_562 0 7.65419515042808 18.0169059754161 8.06674815042808 18.4294589754161
BLOCK_563 0 8.97662482555889 22.559688 9.45693682555889 23.04
BLOCK_564 0 9.83846700936398 20.133094 10.282426009364 20.577053
BLOCK_565 0 7.39217266367037 19.720647 7.79092066367037 20.119395
BLOCK_566 0 8.177957 14.0144649185388 8.747869 14.5843769185388
BLOCK_567 0 5.35573423651703 6.88772569819412 5.70985323651703 7.24184469819412
BLOCK_568 0 19.4558580221764 12.6275101417469 19.8461140221764 13.0177661417469
BLOCK_569 0 17.1925071714932 12.027905 17.7584581714932 12.593856
BLOCK_570 0 8.13536566367037 19.7983399754161 8.53134566367037 20.1943199754161
BLOCK_571 0 2.93104952106547 4.12831669819412 3.46019952106547 4.65746669819412
BLOCK_572 0 12.1571952144704 20.7170701887994 12.5670732144704 21.1269481887994
BLOCK_573 0 7.36594974219856 6.2604102336526 7.77582774219856 6.6702882336526
BLOCK_574 0 12.5133039901405 12.7937041918464 12.9176549901405 13.1980551918464
BLOCK_575 0 11.5518953682518 10.8739911107569 11.8997463682518 11.2218421107569
BLOCK_576 0 4.72205863199312 8.87331025044872 5.20007563199312 9.35132725044872
BLOCK_577 0 10.2787012025636 17.2867919530903 10.6858862025636 17.6939769530903
BLOCK_578 0 3.5728978433929 22.555026 4.0578718433929 23.04
BLOCK_579 0 6.089427 5.70533019193882 6.553108 6.16901119193882
BLOCK_580 0 9.68439800936398 20.921582 10.182996009364 21.42018
BLOCK_581 0 4.730857 10.3675646697578 5.378082 11.0147896697578
BLOCK_582 0 14.2509249691057 11.8837104617832 14.6768359691057 12.3096214617832
BLOCK_583 0 9.92970049440002 13.134793954908 10.4260874944 13.631180954908
BLOCK_584 0 7.77247536825177 12.0696784195576 8.36171236825177 12.6589154195576
BLOCK_585 0 18.0325071714932 11.36 18.5509661714932 11.878459
BLOCK_586 0 14.5689578433929 22.488094 15.1208638433929 23.04
BLOCK_587 0 9.87620074219856 7.08222472760276 10.2749487421986 7.48097272760276
BLOCK_588 0 13.209868009364 20.1513381887994 13.619746009364 20.5612161887994
BLOCK_589 0 6.47081900936398 20.870966 6.92721800936398 21.327365
BLOCK_590 0 8.78836000936398 20.991935 9.27333400936398 21.476909
BLOCK_591 0 11.0240804944 12.171266897957 11.6917634944 12.838949897957
BLOCK_592 0 11.8225251714932 13.8303551918464 12.2511271714932 14.2589571918464
BLOCK_593 0 17.9118724363468 10.5472041417469 18.4303314363468 11.0656631417469
BLOCK_594 0 7.73065149440002 12.924507 8.22703849440002 13.420894
BLOCK_595 0 11.922457 10.296087897957 12.43 10.803630897957
BLOCK_596 0 9.7237911117324 9.72650614116558 10.1363441117324 10.1390591411656
BLOCK_597 0 15.1185531714932 12.9117244617832 15.7639991714932 13.5571704617832
BLOCK_598 0 15.5032466278285 10.52 16.0592146278285 11.075968
BLOCK_599 0 5.18339200936398 22.652573 5.57081900936398 23.04
BLOCK_600 0 11.2409751714932 13.8194179530903 11.8225251714932 14.4009679530903
BLOCK_601 0 12.5177639021355 12.4092561918464 12.9022119021355 12.7937041918464
BLOCK_602 0 4.5430972582413 21.111335 5.0116052582413 21.579843
BLOCK_603 0 2.66363400936398 22.632815 3.07081900936398 23.04
BLOCK_604 0 8.61497482555889 22.005867 9.08112882555889 22.472021
BLOCK_605 0 5.20491415042809 15.2768452320247 5.58936215042809 15.6612932320247
BLOCK_606 0 14.6313161714932 13.0414175986308 15.1185531714932 13.5286545986308
BLOCK_607 0 6.02963979118949 18.089638 6.58154579118949 18.641544
BLOCK_608 0 10.653033 8.8565426933685 11.126319 9.3298286933685
BLOCK_609 0 8.78836000936398 20.39327 9.38702500936398 20.991935
BLOCK_610 0 5.28375115042808 16.8290241919388 5.65644415042808 17.2017171919388
BLOCK_611 0 7.46476892089153 15.903551 7.93572492089152 16.374507
BLOCK_612 0 6.58154579118949 17.7557031919388 7.10642679118949 18.2805841919388
BLOCK_613 0 4.861664 14.3036162320247 5.411573 14.8535252320247
BLOCK_614 0 8.08879594965667 17.7856519754161 8.44614694965667 18.1430029754161
BLOCK_615 0 7.21513694965667 17.332607 7.57248794965667 17.689958
BLOCK_616 0 7.98975382555889 20.877163 8.37132982555889 21.258739
BLOCK_617 0 7.11461094965667 17.689958 7.58789694965667 18.163244
BLOCK_618 0 6.67104184339289 19.324704 7.0554898433929 19.709152
BLOCK_619 0 4.34856374219856 6.61580269819413 4.89022774219856 7.15746669819413
BLOCK_620 0 14.0899069901405 12.8615274617832 14.5389059901405 13.3105264617832
BLOCK_621 0 13.6593418352113 18.434258 14.1302978352113 18.905214
BLOCK_622 0 6.9672588433929 22.053538 7.4309398433929 22.517219
BLOCK_623 0 9.2849291117324 10.1340171411656 9.7237911117324 10.5728791411656
BLOCK_624 0 9.2614341117324 8.82938677962537 9.7104331117324 9.27838577962537
BLOCK_625 0 17.2869401714932 13.2589913278241 17.6743671714932 13.6464183278241
BLOCK_626 0 8.37132982555889 21.141379 8.73793582555889 21.507985
BLOCK_627 0 6.543929 12.9989239533929 7.162799 13.6177939533929
BLOCK_628 0 4.54268698654021 21.721983 5.02070398654021 22.2
BLOCK_629 0 11.1340539691057 11.3239021918464 11.4850529691057 11.6749011918464
BLOCK_630 0 5.16 7.93271509127972 5.680577 8.45329209127972
BLOCK_631 0 9.755923 9.26756272760275 10.184525 9.69616472760276
BLOCK_632 0 16.8184668376706 18.18789510543 17.4894358376706 18.85886410543
BLOCK_633 0 7.395036 7.01771395339292 8.171309 7.79398695339292
BLOCK_634 0 21.487505 15.3282776417831 22.11 15.9507726417831
BLOCK_635 0 8.73793582555889 21.496161 9.24764182555889 22.005867
BLOCK_636 0 8.52142214883414 8.00651491955757 8.93675314883414 8.42184591955757
BLOCK_637 0 8.53134566367037 19.3606092320247 8.89795166367037 19.7272152320247
BLOCK_638 0 7.126955 5.8138682336526 7.573497 6.2604102336526
BLOCK_639 0 5.76702246986039 19.3857869754161 6.11802146986039 19.7367859754161
BLOCK_640 0 5.9614594033784 18.641544 6.3370924033784 19.017177
BLOCK_641 0 12.4914278433929 21.521757 12.9454098433929 21.975739
BLOCK_642 0 9.06660830853207 10.8630196671147 9.54221330853207 11.3386246671147
BLOCK_643 0 7.05742630853207 10.5128361919388 7.79063830853207 11.2460481919388
BLOCK_644 0 7.31523917149318 14.220441 7.85068317149318 14.755885
BLOCK_645 0 9.30282200936398 20.9940803006533 9.68439800936398 21.3756563006533
BLOCK_646 0 11.1158721714932 14.9844919530903 11.5673141714932 15.4359339530903
BLOCK_647 0 7.63072300936398 20.1943199754161 8.25857600936398 20.8221729754161
BLOCK_648 0 6.2934862582413 21.327365 6.7114572582413 21.745336
BLOCK_649 0 6.84254190459096 21.5832442320247 7.30384390459096 22.0445462320247
BLOCK_650 0 13.0227009691057 11.261096 13.3922949691057 11.63069
BLOCK_651 0 7.28456900936398 21.066119 7.65416300936398 21.435713
BLOCK_652 0 7.843691 15.418577 8.328665 15.903551
BLOCK_653 0 6.05849592089153 15.1294431919388 6.55266192089153 15.6236091919388
BLOCK_654 0 6.73016294965667 16.6518081919388 7.21513694965667 17.1367821919388
BLOCK_655 0 5.818631 14.4334286617609 6.214611 14.8294086617609
BLOCK_656 0 15.5584261714932 15.155824 16.2227301714932 15.820128
BLOCK_657 0 7.30384390459096 21.575713 7.76514590459096 22.037015
BLOCK_658 0 10.184525 8.8565426933685 10.653033 9.3250506933685
BLOCK_659 0 0.839999999999999 8.84797409559443 1.507683 9.51565709559443
BLOCK_660 0 5.983929 12.2309039185388 6.527712 12.7746869185388
BLOCK_661 0 7.64290149806843 5.19254566711471 8.35753449806843 5.9071786671147
BLOCK_662 0 4.34856374219856 6.10609669819413 4.85826974219856 6.61580269819413
BLOCK_663 0 9.649226 14.7364572914639 10.413817 15.5010482914639
BLOCK_664 0 4.65249585716239 7.49343894589866 5.14666185716239 7.98760494589866
BLOCK_665 0 8.747869 13.9866577796254 9.361302 14.6000907796254
BLOCK_666 0 6.41400778273174 9.71601320761448 6.83400778273174 10.1360132076145
BLOCK_667 0 17.9417941714932 15.2813361417469 18.3617941714932 15.7013361417469
BLOCK_668 0 4.05665179118949 17.4320646981941 4.47665179118949 17.8520646981941
BLOCK_669 0 4.441664 14.6813726981941 4.861664 15.1013726981941
BLOCK_670 0 4.227684 7.15746669819413 4.647684 7.57746669819412
BLOCK_671 0 9.09884974219856 7.23503977962537 9.51884974219857 7.65503977962537
BLOCK_672 0 9.04637362169383 3.56415591955757 9.46637362169383 3.98415591955757
BLOCK_673 0 18.6158580221764 10.52 19.0358580221764 10.94
BLOCK_674 0 20.73 14.5488809305586 21.15 14.9688809305586
BLOCK_675 0 6.66885964901388 4.9685789553953 7.08885964901388 5.3885789553953
BLOCK_676 0 11.3433664033784 18.3567611918464 11.7633664033784 18.7767611918464
BLOCK_677 0 18.1958580221764 11.9 18.6158580221764 12.32
BLOCK_678 0 12.01 5.58638189795702 12.43 6.00638189795702
BLOCK_679 0 3.22993 8.98535894589866 3.64993 9.40535894589866
BLOCK_680 0 3.46019952106547 5.62185809127972 3.88019952106547 6.04185809127972
BLOCK_681 0 6.83400778273174 9.69681169819412 7.25400778273174 10.1168116981941
BLOCK_682 0 14.1912389610629 15.474747 14.6112389610629 15.894747
BLOCK_683 0 3.77261295386093 10.2453589458987 4.19261295386093 10.6653589458987
BLOCK_684 0 2.86491415042809 15.0567439425015 3.28491415042809 15.4767439425015
BLOCK_685 0 20.61 11.48 21.03 11.9
BLOCK_686 0 12.6027009691057 10.9698 13.0227009691057 11.3898
BLOCK_687 0 17.2286452389886 18.85886410543 17.6486452389886 19.27886410543
BLOCK_688 0 10.1363441117324 9.69616472760275 10.5563441117324 10.1161647276028
BLOCK_689 0 2.06181 12.7271689458987 2.48181 13.1471689458987
BLOCK_690 0 6.37514338484218 3.14425987010541 6.79514338484218 3.56425987010541
BLOCK_691 0 2.52 8.96716894589866 2.94 9.38716894589866
BLOCK_692 0 3.44376026085108 12.8390719191243 3.86376026085108 13.2590719191243
BLOCK_693 0 3.48 14.6111766697578 3.9 15.0311766697578
BLOCK_694 0 3.48 14.1911766697578 3.9 14.6111766697578
BLOCK_695 0 9.49406499749396 2.48235596675916 9.91406499749396 2.90235596675916
BLOCK_696 0 16.8205471714932 13.9013361417469 17.2405471714932 14.3213361417469
BLOCK_697 0 18.8950431714932 14 19.3150431714932 14.42
BLOCK_698 0 13.7597685370764 17.0355443278241 14.1797685370764 17.4555443278241
BLOCK_699 0 11.954395 7.92638189795702 12.374395 8.34638189795702
BLOCK_700 0 5.24723885716239 3.97956225332617 5.66723885716239 4.39956225332617
BLOCK_701 0 16.0785919150302 16.8561469971163 16.4985919150302 17.2761469971163
BLOCK_702 0 4.4766517911895 17.46 4.8966517911895 17.88
BLOCK_703 0 10.6147821117324 9.3298286933685 11.0347821117324 9.7498286933685
BLOCK_704 0 3.44181 12.3071689458987 3.86181 12.7271689458987
BLOCK_705 0 12.01 8.82198689795702 12.43 9.24198689795702
BLOCK_706 0 22.05 13.16 22.89 14.12
BLOCK_707 0 1.8 11.6033400955944 2.64 12.5633400955944
BLOCK_708 0 6.23157708682845 4.0085789553953 7.07157708682845 4.9685789553953
BLOCK_709 0 13.5680028895298 15.9210164617832 14.4080028895298 16.8810164617832
BLOCK_710 0 6.39326914883414 7.65339425044872 7.23326914883414 8.61339425044872
BLOCK_711 0 5.68265494965667 15.8690241919388 6.52265494965667 16.8290241919388
BLOCK_712 0 6.73514338484218 0.704155919557568 7.69514338484218 1.54415591955757
BLOCK_713 0 -1.66533453693773e-16 22.08 0.84 23.04
BLOCK_714 0 20.19 17.5291149305586 21.15 18.3691149305586
BLOCK_715 0 4.0578718433929 22.2 5.0178718433929 23.04
BLOCK_716 0 2.48181 12.5633400955944 3.44181 13.4033400955944
BLOCK_717 0 4.488774 5.22007173877141 5.448774 6.06007173877141
BLOCK_718 0 2.69063836825176 11.4671689458987 3.65063836825176 12.3071689458987
BLOCK_719 0 19.1144453258456 20.94 20.0744453258456 21.78
BLOCK_720 0 21.27 18.5274016699221 22.11 19.4874016699221
BLOCK_721 0 16.8343671714932 14.3213361417469 17.6743671714932 15.2813361417469
BLOCK_722 0 17.3891148433929 20.3312857400899 18.2291148433929 21.2912857400899
BLOCK_723 0 6.1272588433929 22.08 6.9672588433929 23.04
BLOCK_724 0 20.0886452389886 21.1291149305586 21.0486452389886 21.9691149305586
BLOCK_725 0 7.13157708682845 4.2975172336526 8.09157708682845 5.1375172336526
BLOCK_726 0 0.839999999999999 7.64816284730561 1.68 8.60816284730561
BLOCK_727 0 3.12031879118949 17.7046829425015 3.96031879118949 18.6646829425015
BLOCK_728 0 1.8 17.6711766697578 2.64 18.6311766697578
BLOCK_729 0 13.2172974437554 19.0485395972345 14.0572974437554 20.0085395972345
BLOCK_730 0 0.96 9.68334009559443 1.8 10.6433400955944
BLOCK_731 0 2.7328978433929 21.6298586697578 3.5728978433929 22.5898586697578
BLOCK_732 0 14.1302978352113 18.8836515744427 14.9702978352113 19.8436515744427
BLOCK_733 0 1.58856374219856 5.51956225332617 2.42856374219856 6.47956225332618
BLOCK_734 0 3.74856374219856 2.83092173877141 4.70856374219856 3.67092173877141
BLOCK_735 0 14.65632690195 15.5803 15.49632690195 16.5403
BLOCK_736 0 20.19 13.644235 21.15 14.484235
BLOCK_737 0 0 16.9423235501849 0.96 17.7823235501849
BLOCK_738 0 14.7702978352113 21.2050709971163 15.7302978352113 22.0450709971163
BLOCK_739 0 -4.9960036108132e-16 9.25565709559443 0.839999999999999 10.2156570955944
BLOCK_740 0 17.6648751316471 21.2912857400899 18.6248751316471 22.1312857400899
BLOCK_741 0 5.28725884339289 21.692573 6.12725884339289 22.652573
BLOCK_742 0 1.8 9.51565709559443 2.64 10.4756570955944
BLOCK_743 0 0.0599999999999997 11.0556570955944 0.9 12.0156570955944
BLOCK_744 0 18.5984581714932 13.04 19.4384581714932 14
BLOCK_745 0 17.4550921714932 15.7013361417469 18.2950921714932 16.6613361417469
BLOCK_746 0 0.96 19.8188546354665 1.8 20.7788546354665
BLOCK_747 0 9.79 5.16036477962537 10.63 6.12036477962537
BLOCK_748 0 0.96 17.0588546354665 1.8 18.0188546354665
BLOCK_749 0 3.455933255528 15.9413726981941 4.415933255528 16.7813726981941
BLOCK_750 0 18.6158580221764 12.08 19.4558580221764 13.04
BLOCK_751 0 3.1390932582413 20.52 4.0990932582413 21.36
BLOCK_752 0 19.35 16.6891149305586 20.31 17.5291149305586
BLOCK_753 0 12.7280028895298 15.9210164617832 13.5680028895298 16.8810164617832
BLOCK_754 0 17.79 18.5312857400899 18.75 19.3712857400899
BLOCK_755 0 17.9656935370764 19.4912857400899 18.9256935370764 20.3312857400899
BLOCK_756 0 3.38856374219856 6.04185809127972 4.34856374219856 6.88185809127972
BLOCK_757 0 15.9302978352113 19.7153889971163 16.8902978352113 20.5553889971163
BLOCK_758 0 21.9179083193486 12.32 22.8779083193486 13.16
BLOCK_759 0 0.839999999999999 6.47956225332618 1.68 7.43956225332618
BLOCK_760 0 21.99 19.4874016699221 22.95 20.3274016699221
BLOCK_761 0 0.84 18.8588546354665 1.68 19.8188546354665
BLOCK_762 0 3.58268698654021 21.36 4.54268698654021 22.2
BLOCK_763 0 11.59 0.012314904320801 12.43 0.972314904320801
BLOCK_764 0 5.45063836825176 10.8209919185388 6.41063836825176 11.6609919185388
BLOCK_765 0 10.75 4.31120789795701 11.59 5.27120789795702
BLOCK_766 0 -7.21644966006352e-16 6.37565709559443 0.839999999999999 7.33565709559443
BLOCK_767 0 3.48 9.40535894589866 4.44 10.2453589458987
BLOCK_768 0 1.68 6.47956225332618 2.64 7.31956225332618
BLOCK_769 0 20.31 15.728704 21.27 16.568704
BLOCK_770 0 19.2143671714932 14.8086747899604 20.0543671714932 15.7686747899604
BLOCK_771 0 3.28491415042809 15.0311766697578 4.24491415042809 15.8711766697578
BLOCK_772 0 19.59 18.4891149305586 20.43 19.4491149305586
BLOCK_773 0 8.49085922477193 2.6747455175055 9.45085922477194 3.5147455175055
BLOCK_774 0 1.8129034698604 19.641541 2.6529034698604 20.601541
BLOCK_775 0 11.19 2.04558068628345 12.43 3.32558068628345
BLOCK_776 0 20.0744453258456 20.1691149305586 20.9144453258456 21.1291149305586
BLOCK_777 0 3.46019952106547 4.21002569819412 4.42019952106547 5.05002569819412
BLOCK_778 0 21.15 16.9107726417831 21.99 17.8707726417831
BLOCK_779 0 1.68 14.2111766697578 2.52 15.1711766697578
BLOCK_780 0 15.9054338433929 20.5553889971163 16.8654338433929 21.3953889971163
BLOCK_781 0 0.84 22.2 1.8 23.04
BLOCK_782 0 18.2744453258456 20.3312857400899 19.1144453258456 21.2912857400899
BLOCK_783 0 9.184466 3.98415591955757 10.024466 4.94415591955757
BLOCK_784 0 17.4894358376706 17.5712857400899 18.3294358376706 18.5312857400899
BLOCK_785 0 22.11 14.3172609629159 22.95 15.2772609629159
BLOCK_786 0 18.3743671714932 15.172353 19.2143671714932 16.132353
BLOCK_787 0 -7.21644966006352e-16 7.33565709559443 0.839999999999999 8.29565709559443
BLOCK_788 0 0.628563742198564 5.53565709559443 1.58856374219856 6.37565709559443
BLOCK_789 0 21.99 17.1972609629159 22.95 18.0372609629159
BLOCK_790 0 0.84 14.1981305501849 1.68 15.1581305501849
BLOCK_791 0 11.59 1.02413374646676 12.43 1.98413374646676
BLOCK_792 0 9.51 2.99202039939319 10.35 3.95202039939319
BLOCK_793 0 4.49063836825176 11.0747896697578 5.45063836825176 11.9147896697578
BLOCK_794 0 5.33157708682845 2.83024125044872 6.29157708682845 3.67024125044872
BLOCK_795 0 3.6129034698604 19.56 4.4529034698604 20.52
BLOCK_796 0 16.5702978352113 21.5361469971163 17.5302978352113 22.3761469971163
BLOCK_797 0 0.84 12.5181305501849 1.8 13.3581305501849
BLOCK_798 0 3.36 7.86760494589866 4.2 8.82760494589866
BLOCK_799 0 3.96031879118949 17.88 4.92031879118949 18.72
BLOCK_800 0 4.37157708682845 1.99092173877141 5.33157708682845 2.83092173877141
BLOCK_801 0 10.63 6.5018816933685 11.59 7.3418816933685
BLOCK_802 0 0.900000000000006 11.3756570955944 1.74000000000001 12.3356570955944
BLOCK_803 0 0.84 18.0188546354665 1.8 18.8588546354665
BLOCK_804 0 22.11 18.2393442457291 22.95 19.1993442457291
BLOCK_805 0 0.84 2.77565709559443 1.8 3.61565709559443
BLOCK_806 0 -1.66533453693773e-16 12.9756570955944 0.84 13.9356570955944
BLOCK_807 0 7.53085922477193 2.50415591955757 8.49085922477193 3.34415591955757
BLOCK_808 0 13.7032466278285 10.52 14.6632466278285 11.36
BLOCK_809 0 21.15 10.52 21.99 11.48
BLOCK_810 0 17.708551 16.6613361417469 18.668551 17.5013361417469
BLOCK_811 0 4.493237 12.4111766697578 5.333237 13.3711766697578
BLOCK_812 0 3.9 13.3711766697578 4.86 14.2111766697578
BLOCK_813 0 0.706871520256773 3.61565709559443 1.54687152025677 4.57565709559443
BLOCK_814 0 15.8605471714932 14.315824 16.8205471714932 15.155824
BLOCK_815 0 20.31 16.5691149305586 21.15 17.5291149305586
BLOCK_816 0 -1.66533453693773e-16 20.16 0.84 21.12
BLOCK_817 0 18.6248751316471 21.78 19.9048751316471 23.04
BLOCK_818 0 21.03 11.48 21.99 12.32
BLOCK_819 0 19.3494358376706 17.5291149305586 20.1894358376706 18.4891149305586
BLOCK_820 0 11.3947155627074 3.47120789795702 12.3547155627074 4.31120789795702
BLOCK_821 0 2.52 14.1911766697578 3.48 15.0311766697578
BLOCK_822 0 15.9943671714932 15.8961469971163 16.8343671714932 16.8561469971163
BLOCK_823 0 21.0400911714932 12.38 21.8800911714932 13.34
BLOCK_824 0 17.1925071714932 11.067905 18.0325071714932 12.027905
BLOCK_825 0 1.8 21.561541 2.64 22.521541
BLOCK_826 0 7.98885964901388 1.66415591955757 8.94885964901388 2.50415591955757
BLOCK_827 0 21.99 11.48 22.95 12.32
BLOCK_828 0 1.68 4.67956225332617 2.64 5.51956225332617
BLOCK_829 0 10.6256110586416 1.20558068628345 11.5856110586416 2.04558068628345
BLOCK_830 0 -3.33066907387547e-16 10.2156570955944 0.96 11.0556570955944
BLOCK_831 0 2.49593325552801 15.8711766697578 3.45593325552801 16.7111766697578
BLOCK_832 0 2.64 9.51565709559443 3.48 10.4756570955944
BLOCK_833 0 16.5585919150302 16.8561469971163 17.3985919150302 17.8161469971163
BLOCK_834 0 1.68 7.33565709559443 2.52 8.29565709559443
BLOCK_835 0 -1.66533453693773e-16 18.7423235501849 0.84 19.7023235501849
BLOCK_836 0 19.41 10.843667 20.25 11.803667
BLOCK_837 0 1.52181 13.3581305501849 2.48181 14.1981305501849
BLOCK_838 0 13.1005471714932 14.0513364617832 14.0605471714932 14.8913364617832
BLOCK_839 0 15.0205471714932 14.0571123278241 15.8605471714932 15.0171123278241
BLOCK_840 0 9.91406499749396 2.06235596675916 10.874064997494 2.90235596675916
BLOCK_841 0 15.6585919150302 17.2761469971163 16.4985919150302 18.2361469971163
BLOCK_842 0 13.9854338433929 20.2452735744427 14.9454338433929 21.0852735744427
BLOCK_843 0 -1.66533453693773e-16 14.1981305501849 0.84 15.1581305501849
BLOCK_844 0 10.4347155627074 3.38558068628345 11.3947155627074 4.22558068628345
BLOCK_845 0 3.8470224698604 18.72 4.8070224698604 19.56
BLOCK_846 0 17.9047780850758 14.332353 18.8647780850758 15.172353
BLOCK_847 0 12.9068568895298 17.3249754617832 13.7468568895298 18.2849754617832
BLOCK_848 0 10.994395 7.98198689795702 11.954395 8.82198689795702
BLOCK_849 0 14.6768359691057 11.1117244617832 15.5168359691057 12.0717244617832
BLOCK_850 0 6.09063836825176 8.83746669819412 7.05063836825176 9.67746669819412
BLOCK_851 0 11.2261048433929 22.2 12.1861048433929 23.04
BLOCK_852 0 2.6529034698604 19.68 3.6129034698604 20.52
BLOCK_853 0 9.45693682555889 22.2 10.4169368255589 23.04
BLOCK_854 0 21.0486452389886 20.94 21.8886452389886 21.9
BLOCK_855 0 4.24491415042809 15.1013726981941 5.20491415042809 15.9413726981941
BLOCK_856 0 20.0800911714932 12.744235 21.0400911714932 13.584235
BLOCK_857 0 18.3294358376706 17.508307015515 19.2894358376706 18.348307015515
BLOCK_858 0 22.11 16.2372609629159 22.95 17.1972609629159
BLOCK_859 0 2.8413364698604 18.72 3.8013364698604 19.56
BLOCK_860 0 17.5460509889413 22.1312857400899 18.5060509889413 22.9712857400899
BLOCK_861 0 17.7584581714932 12.412353 18.5984581714932 13.372353
BLOCK_862 0 10.63 5.2831996933685 11.59 6.1231996933685
BLOCK_863 0 14.9702978352113 19.5250709971163 15.9302978352113 20.3650709971163
BLOCK_864 0 19.9979083193486 11.904235 20.9579083193486 12.744235
BLOCK_865 0 5.0014594033784 18.2212869754161 5.9614594033784 19.0612869754161
BLOCK_866 0 4.61101079118949 15.9890241919388 5.5710107911895 16.8290241919388
BLOCK_867 0 0 15.1581305501849 0.96 15.9981305501849
BLOCK_868 0 1.53593325552801 15.1711766697578 2.37593325552801 16.1311766697578
BLOCK_869 0 20.25 10.52 21.09 11.48
BLOCK_870 0 15.7302978352113 22.0429683278241 16.5702978352113 23.0029683278241
BLOCK_871 0 20.43 18.3691149305586 21.27 19.3291149305586
BLOCK_872 0 21.15 13.5282776417831 21.99 14.4882776417831
BLOCK_873 0 -6.10622663543836e-16 8.29565709559443 0.839999999999999 9.25565709559443
BLOCK_874 0 2.2990932582413 20.601541 3.1390932582413 21.561541
BLOCK_875 0 14.8039991714932 12.0717244617832 15.7639991714932 12.9117244617832
BLOCK_876 0 -1.66533453693773e-16 21.12 0.84 22.08
BLOCK_877 0 3.387684 6.90760494589866 4.227684 7.86760494589866
BLOCK_878 0 1.68 8.29565709559443 2.52 9.25565709559443
BLOCK_879 0 14.9454338433929 20.3650709971163 15.9054338433929 21.2050709971163
BLOCK_880 0 1.54687152025677 3.73565709559443 2.50687152025677 4.57565709559443
BLOCK_881 0 21.15 19.9691149305586 21.99 20.9291149305586
BLOCK_882 0 15.5168359691057 11.075968 16.4768359691057 11.915968
BLOCK_883 0 7.07157708682845 1.54415591955757 7.91157708682845 2.50415591955757
BLOCK_884 0 9.78561105864162 0.40235596675916 10.6256110586416 1.36235596675916
BLOCK_885 0 11.59 6.00638189795702 12.43 6.96638189795702
BLOCK_886 0 2.42856374219856 5.63956225332617 3.38856374219856 6.47956225332617
BLOCK_887 0 17.1256935370764 19.3712857400899 17.9656935370764 20.3312857400899
BLOCK_888 0 11.59 6.96638189795702 12.43 7.92638189795702
BLOCK_889 0 -1.66533453693773e-16 12.0156570955944 0.84 12.9756570955944
BLOCK_890 0 4.2 7.98760494589866 5.16 8.82760494589866
BLOCK_891 0 19.1144453258456 20.1 20.0744453258456 20.94
BLOCK_892 0 22.11 15.2772609629159 22.95 16.2372609629159
BLOCK_893 0 5.45400778273175 9.98099191853876 6.41400778273174 10.8209919185388
BLOCK_894 0 21.27 15.9507726417831 22.11 16.9107726417831
BLOCK_895 0 18.75 18.5312857400899 19.59 19.4912857400899
BLOCK_896 0 1.74000000000001 10.6433400955944 2.58000000000001 11.6033400955944
BLOCK_897 0 0 4.57565709559443 0.84 5.53565709559443
BLOCK_898 0 2.52 8.00716894589866 3.36 8.96716894589866
BLOCK_899 0 17.6743671714932 13.372353 18.5143671714932 14.332353
BLOCK_900 0 9.79 6.12036477962537 10.63 7.08036477962537
BLOCK_901 0 11.126319 8.82198689795702 11.966319 9.78198689795702
BLOCK_902 0 21.15 14.4882776417831 22.11 15.3282776417831
BLOCK_903 0 -2.22044604925031e-16 17.7823235501849 0.84 18.7423235501849
BLOCK_904 0 2.56019952106547 3.28831669819412 3.52019952106547 4.12831669819412
BLOCK_905 0 21.99 10.52 22.83 11.48
BLOCK_906 0 18.57 10.94 19.41 11.9
BLOCK_907 0 16.2325071714932 11.966135 17.1925071714932 12.806135
BLOCK_908 0 2.27237979118949 16.7111766697578 3.11237979118949 17.6711766697578
BLOCK_909 0 12.43 -2.66453525910038e-15 22.95 10.52
BLOCK_910 0 14.0605471714932 14.0513364617832 15.0205471714932 14.8913364617832
BLOCK_911 0 4.8070224698604 19.1510381919388 5.76702246986039 19.9910381919388
