[Iter 1000]
sb0 89.250000 135.786400 122.250000 178.786400
sb1 150.804999 13.873881 215.804999 50.873881
sb2 71.039464 102.954621 124.039464 136.954621
sb3 9.919844 133.336372 46.919844 200.336372
sb4 0.000000 187.059317 29.000000 206.059317
sb5 73.424610 133.291578 112.424610 182.291578
sb6 151.577513 207.872970 191.577513 225.872970
sb7 92.519701 204.387511 114.519701 244.387511
sb8 215.000000 41.862100 265.000000 103.862100
sb9 161.861343 170.080885 177.861343 211.080885
sb10 98.808073 158.940499 116.808073 210.940499
sb11 56.881658 163.289887 95.881658 222.289887
sb12 109.993629 59.096784 170.993629 87.096784
sb13 174.304985 164.377260 222.304985 221.377260
sb14 144.615100 222.250000 207.615100 265.250000
sb15 206.250000 73.247066 265.250000 125.247066
sb16 134.756227 105.518059 170.756227 162.518059
sb17 178.772883 147.624870 222.772883 213.624870
sb18 62.227545 0.272427 110.227545 51.272427
sb19 43.494602 107.956564 74.494602 157.956564
sb20 141.743209 184.108004 178.743209 203.108004
sb21 37.628900 58.101823 101.628900 108.101823
sb22 55.073530 140.830012 104.073530 174.830012
sb23 206.962177 105.547842 226.962177 154.547842
sb24 161.309411 115.162263 206.309411 143.162263
sb25 139.049141 31.847571 193.049141 70.847571
sb26 74.396454 211.538472 129.396454 251.538472
sb27 240.250000 107.730645 265.250000 172.730645
sb28 201.653486 194.386432 240.653486 240.386432
sb29 178.234884 34.378921 202.234884 96.378921
sb30 115.599177 125.523321 139.599177 151.523321
sb31 111.633285 78.982041 137.633285 112.982041
sb32 102.716409 121.608338 145.716409 174.608338
sb33 182.798888 105.509852 204.798888 140.509852
sb34 67.891107 96.551416 94.891107 150.551416
sb35 95.554202 99.778889 126.554202 137.778889
sb36 126.431510 110.071253 165.431510 177.071253
sb37 158.010256 108.313839 178.010256 168.313839
sb38 151.928242 161.187946 174.928242 218.187946
sb39 0.000000 108.100964 52.000000 163.100964
sb40 1.250000 155.000000 30.250000 181.000000
sb41 0.000000 91.526863 27.000000 146.526863
sb42 0.000000 6.767921 62.000000 59.767921
sb43 0.000000 56.000000 61.000000 102.000000
sb44 87.477572 38.960974 152.477572 85.960974
sb45 225.431889 121.854175 248.431889 165.854175
sb46 47.962307 143.194115 86.962307 165.194115
sb47 98.719797 169.950740 163.719797 202.950740
sb48 0.000000 165.922635 57.000000 192.922635
sb49 218.250000 1.948117 265.250000 66.948117
sb50 197.291745 233.250000 264.291745 265.250000
sb51 166.882147 148.192118 204.882147 205.192118
sb52 164.978757 116.326334 218.978757 161.326334
sb53 55.081656 27.997287 98.081656 48.997287
sb54 247.250000 168.448381 265.250000 229.448381
sb55 116.828458 157.019171 150.828458 213.019171
sb56 0.000000 90.296520 17.000000 153.296520
sb57 65.637095 176.329082 83.637095 223.329082
sb58 212.229449 95.618751 258.229449 129.618751
sb59 59.179240 228.250000 109.179240 265.250000
sb60 208.016116 177.789807 248.016116 200.789807
sb61 175.321950 77.528673 208.321950 100.528673
sb62 201.871817 40.059100 261.871817 59.059100
sb63 215.953006 159.249997 251.953006 204.249997
sb64 106.142099 66.194016 156.142099 113.194016
sb65 0.000000 209.250000 57.000000 265.250000
sb66 103.446811 0.000000 170.446811 61.000000
sb67 111.437099 82.764446 155.437099 122.764446
sb68 211.260798 53.431015 263.260798 116.431015
sb69 53.206013 63.571229 107.206013 90.571229
sb70 95.254050 36.597771 137.254050 78.597771
sb71 42.903000 203.585154 106.903000 225.585154
sb72 48.767733 78.690571 109.767733 139.690571
sb73 148.763921 46.934436 209.763921 113.934436
sb74 37.224089 99.444504 75.224089 141.444504
sb75 144.066052 4.823636 163.066052 32.823636
sb76 142.202864 122.459595 164.202864 155.459595
sb77 176.488423 208.250000 242.488423 265.250000
sb78 144.341659 215.385525 180.341659 247.385525
sb79 0.000000 9.569200 41.000000 69.569200
sb80 134.423557 46.150653 150.423557 104.150653
sb81 159.109707 84.948779 199.109707 134.948779
sb82 0.000000 99.605067 47.000000 156.605067
sb83 24.452225 109.961856 46.452225 125.961856
sb84 181.630366 132.306501 248.630366 154.306501
sb85 244.400220 60.048276 264.400220 85.048276
sb86 146.502626 81.645855 202.502626 118.645855
sb87 49.295929 154.973860 88.295929 198.973860
sb88 0.000000 71.578973 37.000000 95.578973
sb89 61.142939 47.730621 99.142939 74.730621
sb90 106.126414 232.250000 145.126414 265.250000
sb91 84.333800 0.000000 140.333800 33.000000
sb92 0.000000 65.899233 26.000000 81.899233
sb93 93.196469 0.000000 158.196469 35.000000
sb94 114.038619 204.986828 155.038619 263.986828
sb95 51.162448 184.810468 102.162448 203.810468
sb96 108.770447 169.627902 148.770447 235.627902
sb97 121.923391 198.250000 138.923391 265.250000
sb98 243.250000 140.199734 265.250000 202.199734
sb99 139.000000 216.250000 205.000000 265.250000

[Iter 2000]
sb0 89.250000 135.786400 122.250000 178.786400
sb1 153.540542 0.284943 218.540542 37.284943
sb2 70.268980 99.019762 104.268980 152.019762
sb3 2.543537 132.818554 39.543537 199.818554
sb4 0.000000 191.751748 29.000000 210.751748
sb5 73.711489 129.642957 112.711489 178.642957
sb6 150.716065 201.494279 190.716065 219.494279
sb7 86.672211 220.691316 108.672211 260.691316
sb8 215.000000 41.862100 265.000000 103.862100
sb9 162.584785 174.896183 178.584785 215.896183
sb10 90.247649 162.353746 108.247649 214.353746
sb11 46.891620 184.599863 105.891620 223.599863
sb12 132.602470 60.379210 193.602470 88.379210
sb13 179.128423 166.144321 227.128423 223.144321
sb14 144.615100 222.250000 207.615100 265.250000
sb15 206.250000 71.426927 265.250000 123.426927
sb16 136.574912 112.990989 172.574912 169.990989
sb17 170.505368 145.851679 214.505368 211.851679
sb18 63.466513 0.000000 111.466513 51.000000
sb19 46.426349 103.996155 77.426349 153.996155
sb20 146.953211 166.201467 165.953211 203.201467
sb21 38.121470 49.171941 102.121470 99.171941
sb22 54.264539 146.556522 103.264539 180.556522
sb23 215.398733 103.144846 235.398733 152.144846
sb24 171.132957 115.842274 216.132957 143.842274
sb25 143.061892 19.590233 182.061892 73.590233
sb26 75.586034 209.455085 115.586034 264.455085
sb27 240.250000 111.498199 265.250000 176.498199
sb28 198.746813 193.519631 244.746813 232.519631
sb29 188.487925 53.342053 212.487925 115.342053
sb30 115.352704 123.745275 139.352704 149.745275
sb31 116.498017 74.556019 142.498017 108.556019
sb32 102.546194 125.427470 155.546194 168.427470
sb33 178.210725 108.458899 213.210725 130.458899
sb34 74.923860 94.119826 101.923860 148.119826
sb35 100.779262 90.498408 131.779262 128.498408
sb36 119.901201 112.062773 158.901201 179.062773
sb37 160.170572 95.872162 180.170572 155.872162
sb38 148.813782 173.992636 171.813782 230.992636
sb39 0.000000 119.909339 55.000000 171.909339
sb40 1.250000 155.000000 30.250000 181.000000
sb41 0.000000 106.684064 55.000000 133.684064
sb42 0.000000 0.584651 62.000000 53.584651
sb43 0.000000 56.000000 61.000000 102.000000
sb44 90.145750 32.706278 155.145750 79.706278
sb45 237.082269 113.967966 260.082269 157.967966
sb46 50.277960 133.081852 72.277960 172.081852
sb47 100.280486 173.083475 165.280486 206.083475
sb48 0.000000 170.806438 57.000000 197.806438
sb49 218.250000 0.000000 265.250000 65.000000
sb50 198.236827 233.250000 265.236827 265.250000
sb51 164.815941 149.186319 202.815941 206.186319
sb52 176.354452 120.797021 230.354452 165.797021
sb53 66.096294 6.905804 87.096294 49.905804
sb54 247.250000 177.020176 265.250000 238.020176
sb55 117.847150 157.491727 151.847150 213.491727
sb56 0.000000 83.123268 17.000000 146.123268
sb57 42.963251 190.735681 89.963251 208.735681
sb58 218.958078 100.442638 264.958078 134.442638
sb59 58.268059 215.250000 95.268059 265.250000
sb60 224.431377 174.779544 247.431377 214.779544
sb61 178.704773 52.073600 211.704773 75.073600
sb62 205.250000 25.684549 265.250000 44.684549
sb63 208.102362 153.330698 244.102362 198.330698
sb64 98.871047 73.903688 145.871047 123.903688
sb65 0.000000 209.250000 57.000000 265.250000
sb66 110.013744 0.000000 171.013744 67.000000
sb67 112.229629 78.255278 152.229629 122.255278
sb68 211.661261 44.056185 263.661261 107.056185
sb69 56.022306 66.085200 110.022306 93.085200
sb70 95.787692 36.499979 137.787692 78.499979
sb71 39.449559 195.178256 103.449559 217.178256
sb72 45.762211 72.913539 106.762211 133.913539
sb73 149.161744 38.386312 216.161744 99.386312
sb74 31.747691 95.927255 73.747691 133.927255
sb75 140.060189 0.146896 159.060189 28.146896
sb76 154.710657 141.248717 176.710657 174.248717
sb77 179.027962 208.250000 245.027962 265.250000
sb78 146.256255 223.374923 178.256255 259.374923
sb79 0.000000 9.569200 41.000000 69.569200
sb80 144.200176 62.309342 160.200176 120.309342
sb81 145.629607 88.224984 185.629607 138.224984
sb82 0.000000 97.415586 47.000000 154.415586
sb83 11.484688 92.374028 33.484688 108.374028
sb84 179.279764 128.439375 246.279764 150.439375
sb85 245.250000 54.459827 265.250000 79.459827
sb86 158.328345 76.380765 214.328345 113.380765
sb87 41.912901 152.165085 85.912901 191.165085
sb88 0.000000 70.796689 37.000000 94.796689
sb89 61.983732 43.676839 99.983732 70.676839
sb90 97.718382 232.250000 136.718382 265.250000
sb91 84.333800 0.000000 140.333800 33.000000
sb92 0.000000 44.224067 16.000000 70.224067
sb93 85.416851 0.000000 150.416851 35.000000
sb94 109.929215 206.009810 150.929215 265.009810
sb95 46.012614 176.236917 97.012614 195.236917
sb96 102.974828 171.792220 142.974828 237.792220
sb97 118.635044 198.250000 135.635044 265.250000
sb98 203.250000 156.152220 265.250000 178.152220
sb99 139.000000 216.250000 205.000000 265.250000

[Iter 3000]
sb0 89.250000 135.786400 122.250000 178.786400
sb1 153.000203 0.000000 218.000203 37.000000
sb2 73.744446 98.789685 107.744446 151.789685
sb3 0.000000 133.670838 37.000000 200.670838
sb4 0.000000 193.137976 29.000000 212.137976
sb5 61.325264 135.523839 110.325264 174.523839
sb6 120.114370 203.497653 160.114370 221.497653
sb7 80.220406 225.250000 102.220406 265.250000
sb8 215.000000 41.862100 265.000000 103.862100
sb9 178.566472 178.552571 194.566472 219.552571
sb10 85.701401 163.762804 103.701401 215.762804
sb11 49.374983 185.898384 108.374983 224.898384
sb12 132.935555 62.647842 193.935555 90.647842
sb13 199.183407 179.295118 247.183407 236.295118
sb14 144.615100 222.250000 207.615100 265.250000
sb15 206.250000 74.070477 265.250000 126.070477
sb16 137.227637 113.148984 173.227637 170.148984
sb17 169.372326 146.379203 213.372326 212.379203
sb18 64.284315 0.000000 112.284315 51.000000
sb19 43.251228 120.603257 74.251228 170.603257
sb20 126.830107 183.807466 163.830107 202.807466
sb21 39.177951 45.044809 103.177951 95.044809
sb22 57.428859 149.361835 106.428859 183.361835
sb23 218.857888 99.663206 238.857888 148.663206
sb24 173.009452 113.223375 218.009452 141.223375
sb25 148.177297 15.657915 187.177297 69.657915
sb26 71.636157 210.250000 111.636157 265.250000
sb27 240.250000 119.520407 265.250000 184.520407
sb28 202.475556 191.289145 248.475556 230.289145
sb29 188.903865 40.867576 212.903865 102.867576
sb30 113.100743 122.659113 137.100743 148.659113
sb31 112.148762 79.038318 146.148762 105.038318
sb32 108.286527 129.233704 161.286527 172.233704
sb33 167.789756 103.647076 202.789756 125.647076
sb34 69.403712 93.462066 96.403712 147.462066
sb35 97.390791 91.188171 128.390791 129.188171
sb36 113.709043 121.441525 152.709043 188.441525
sb37 154.393090 114.097354 174.393090 174.097354
sb38 149.423341 182.083695 172.423341 239.083695
sb39 0.000000 121.839983 55.000000 173.839983
sb40 1.250000 155.000000 30.250000 181.000000
sb41 0.000000 105.364254 55.000000 132.364254
sb42 0.000000 0.000000 62.000000 53.000000
sb43 0.000000 56.000000 61.000000 102.000000
sb44 88.167269 33.992199 153.167269 80.992199
sb45 242.250000 109.390149 265.250000 153.390149
sb46 37.057414 135.124610 59.057414 174.124610
sb47 107.981756 174.061550 172.981756 207.061550
sb48 0.000000 171.953327 57.000000 198.953327
sb49 218.250000 0.000000 265.250000 65.000000
sb50 198.250000 233.250000 265.250000 265.250000
sb51 163.933191 160.330959 201.933191 217.330959
sb52 189.169008 134.145807 243.169008 179.145807
sb53 65.885703 1.895852 86.885703 44.895852
sb54 247.250000 176.041154 265.250000 237.041154
sb55 116.422696 159.300266 150.422696 215.300266
sb56 0.000000 81.826138 17.000000 144.826138
sb57 25.122370 209.127063 72.122370 227.127063
sb58 214.296503 101.893411 260.296503 135.893411
sb59 41.377204 215.250000 78.377204 265.250000
sb60 216.814277 180.197864 256.814277 203.197864
sb61 188.098093 37.197323 211.098093 70.197323
sb62 205.250000 16.876945 265.250000 35.876945
sb63 201.976557 147.145639 237.976557 192.145639
sb64 106.980135 78.832477 153.980135 128.832477
sb65 0.000000 209.250000 57.000000 265.250000
sb66 112.796210 0.000000 173.796210 67.000000
sb67 112.151153 84.147618 156.151153 124.147618
sb68 213.250000 37.749536 265.250000 100.749536
sb69 61.874430 68.215836 115.874430 95.215836
sb70 100.153985 36.305055 142.153985 78.305055
sb71 6.183978 195.808001 70.183978 217.808001
sb72 48.376183 74.737614 109.376183 135.737614
sb73 151.863416 37.366719 212.863416 104.366719
sb74 37.450238 95.385390 75.450238 137.385390
sb75 138.288318 0.000000 157.288318 28.000000
sb76 164.279328 148.571638 186.279328 181.571638
sb77 184.647762 208.250000 250.647762 265.250000
sb78 147.957803 233.250000 183.957803 265.250000
sb79 0.000000 9.569200 41.000000 69.569200
sb80 144.676525 61.965269 160.676525 119.965269
sb81 158.046580 95.514596 198.046580 145.514596
sb82 0.000000 82.551744 47.000000 139.551744
sb83 19.792052 89.767866 41.792052 105.767866
sb84 171.647592 127.326288 238.647592 149.326288
sb85 245.250000 56.726644 265.250000 81.726644
sb86 160.113674 73.392301 216.113674 110.392301
sb87 38.712979 168.455788 82.712979 207.455788
sb88 0.000000 70.078723 37.000000 94.078723
sb89 63.519090 45.919690 101.519090 72.919690
sb90 101.905613 232.250000 140.905613 265.250000
sb91 84.333800 0.000000 140.333800 33.000000
sb92 0.000000 41.655363 16.000000 67.655363
sb93 86.470167 0.000000 151.470167 35.000000
sb94 106.420778 206.250000 147.420778 265.250000
sb95 28.933463 176.442437 79.933463 195.442437
sb96 78.636260 175.286460 118.636260 241.286460
sb97 115.323658 198.250000 132.323658 265.250000
sb98 203.250000 151.854467 265.250000 173.854467
sb99 139.000000 216.250000 205.000000 265.250000

