=== Tier 2 Density Map ===
Die size  : 269.0 x 269.0
Bin grid  : 48 rows x 48 cols  (bin=5.60 x 5.60)
Target ρ  : 0.850

ASCII visualization (row = y-axis, col = x-axis):
  ' '=0~0.3t  '.'=0.3~0.7t  'o'=0.7~1.0t  '+'=1.0~1.3t  '#'=1.3~2.0t  '@'=2.0t+
  X: |       |       |       |       |       |       
 47 |       ..oo..o..ooooo.oo.ooooooo..oo..oooooo... | max=0.754
 46 |      ..oooooooooo+ooooooooooo+oooooooo++oooo.. | max=0.902
 45 |      ..oo+oo+oo+++++o++oo++o+++oo++ooo++ooooo. | max=0.981
 44 |      .oo++oo++o++++++++o+++o+++oo++ooo++++++oo.| max=1.042
 43 |      ..oo+oo++o++++++++oooooo++oo++oooo++++++o.| max=1.043
 42 |      ..oooooooo+++++o+ooooooo++oo++ooooooo++oo.| max=0.984
 41 |......ooo++oo+oo++++++++o+++++++oo++++ooo..oooo.| max=1.014
 40 |..oo.ooo+++++++++++o++++o++ooooooo++oo+++oo+++o.| max=0.969
 39 |.ooooo+oo++oo+++++ooo++oo++oooooo+++ooo+++++++o.| max=0.974
 38 |ooooo++oooooo+oo++ooo++o+++oo+++o+++ooo+++++oo..| max=0.991
 37 |.oooo++oo+oo++oo++oo+++o+++oo+++++++o.o+++++oo..| max=1.010
 36 |.ooooo+oooooo+oo+++o++++++o.o+++++oo...oo++++o..| max=1.033
 35 |ooooo++ooooooooo+++o+++o++o.ooo+o++o...oo++++oo.| max=1.009
 34 |ooooo+++oooo+++o++ooo+oo++o.ooo+++++ooooooo+++o.| max=0.990
 33 |..oooo+++o+o++++++oo+++++++o+++++++++oo+ooo+++oo| max=1.004
 32 |..oooooooooo+++++ooo++++++++++o+o++++++++oo+++oo| max=1.025
 31 |oo+++o++oo+++++++ooo++oo+ooo++o+o+++++++oooo++oo| max=1.006
 30 |oo+++++++++++o++oooo++oo+oo+++++++++o+++oooo++oo| max=1.039
 29 |.ooooo+++++++++++oo+++o+++oo++++o+++o++++oo+++oo| max=1.031
 28 |.ooooo++o++++++++oo+++o+++ooo+++++++oo++oooo++oo| max=1.016
 27 |.ooooo++o++++oo+oooo+oo+++ooo++++o++oo++oooo++oo| max=0.982
 26 |.ooooooooo++ooo+ooo++ooo+oooo+++++++oo+++oo++++o| max=1.034
 25 |oo++++++o+++++++oo++++o+++ooooo++o++oooooooo+++o| max=1.017
 24 |o+++++++o+++++++oo++++oo++oooo+++o+++oo++oo++++o| max=0.986
 23 |.oooooooooooo++oooo+o++o+++ooo+++o+++oo+++++++oo| max=1.044
 22 |.oooooooooooo+++ooo+oo+o++ooooo+oo+++oo+++++++oo| max=1.068
 21 |.ooooo+++++oo++++oo++o+o++++++++oo+++oo+++o+++oo| max=1.006
 20 |o+++++++++++oooo+oo++o+o+++++ooooo++o..oooo++++o| max=1.008
 19 |o+++++++++++ooo+++o++o+++++++oooo+++o.....o++++o| max=1.005
 18 |oo+oooooo+++o++++++++o++++oo++++++++o....oo++++o| max=1.027
 17 |.ooo.oooo++++++++++++++++++++++++++++oo.o.oo++oo| max=1.032
 16 |o+++o+oooo++ooooo+oo+++++++++++oooo+++ooooo++++o| max=1.069
 15 |o+++++++oo++++oooooo+oo+++++++ooooo++++ooo+++++o| max=1.010
 14 |oo++o+++ooooooooo+++++oo++oo++o++++++++ooooo++++| max=1.072
 13 |oo++oo++oooooo++++++++o+++++++++++o+++ooooo.o+++| max=1.030
 12 |o++++o+++o++o++++oooooo+++++++ooooo++++++oo.o+++| max=1.034
 11 |o+++ooo++++++++++oooooo+++++++ooooo+++++oo..o+++| max=1.046
 10 |o++o..oooo++o++++ooooooooooo++ooooo++ooooo..o+++| max=1.019
  9 |.oo....oo+++oo++ooooooooooooo+oo+oo++ooo++ooo+++| max=1.020
  8 |oooo..oo+++++++++ooo+oooo+ooooooooo++ooo+++oo++o| max=1.009
  7 |o+++o.o+++++++++++ooooooooooo++oooo++ooo+++++++o| max=1.049
  6 |o++++oooooooooo++oooo++++++o+++o+oo++o+++++++ooo| max=1.030
  5 |ooo++o++++o+++ooooooo++++++++++oooo++ooo++++++oo| max=1.043
  4 |ooo++o++++++++o+++o+++ooo++++++ooooooooooooo+ooo| max=1.039
  3 |ooo++o++++++++o+++++++ooo++++++++++++ooooo+++++o| max=1.074
  2 |.ooooo++++o++ooo+++++++++++++++o++o++++++o++++oo| max=1.052
  1 |...ooooooooooo.o++++++++o++oooo.ooooo++++o+++oo.| max=0.984
  0 |......oooo.......oooooooooo........oooooo...... | max=0.827

Numeric density table (row = y-axis, each cell = bin density):
  y\x     0     1     2     3     4     5     6     7     8     9    10    11    12    13    14    15    16    17    18    19    20    21    22    23    24    25    26    27    28    29    30    31    32    33    34    35    36    37    38    39    40    41    42    43    44    45    46    47 | row_max
------------------------------------------------------------------------------------------------------------------------------------------------------------------------------------------------------------------------------------------------------------------------------------------------------|--------
   47  0.00  0.00  0.00  0.00  0.00  0.03  0.24  0.41  0.53  0.60  0.61  0.58  0.55  0.61  0.59  0.53  0.61  0.67  0.68  0.66  0.61  0.58  0.66  0.66  0.59  0.63  0.66  0.66  0.61  0.64  0.70  0.64  0.50  0.49  0.63  0.66  0.56  0.54  0.62  0.74  0.75  0.66  0.61  0.62  0.59  0.51  0.38  0.20 |  0.754
   46  0.00  0.00  0.00  0.00  0.00  0.03  0.30  0.51  0.66  0.75  0.77  0.73  0.69  0.77  0.74  0.67  0.78  0.84  0.86  0.84  0.77  0.73  0.82  0.82  0.72  0.77  0.82  0.81  0.74  0.79  0.86  0.80  0.63  0.62  0.78  0.81  0.69  0.67  0.75  0.90  0.90  0.78  0.72  0.73  0.69  0.59  0.44  0.23 |  0.902
   45  0.00  0.00  0.00  0.00  0.00  0.04  0.34  0.58  0.74  0.84  0.86  0.81  0.78  0.87  0.84  0.76  0.88  0.96  0.98  0.95  0.87  0.83  0.92  0.91  0.79  0.85  0.90  0.89  0.82  0.87  0.96  0.89  0.70  0.69  0.87  0.90  0.76  0.74  0.82  0.96  0.96  0.81  0.74  0.75  0.71  0.61  0.45  0.24 |  0.981
   44  0.00  0.00  0.00  0.00  0.00  0.04  0.35  0.60  0.77  0.87  0.89  0.85  0.81  0.91  0.89  0.81  0.94  1.02  1.04  1.01  0.93  0.87  0.96  0.94  0.80  0.86  0.90  0.89  0.83  0.88  0.98  0.92  0.73  0.72  0.89  0.93  0.78  0.75  0.83  0.94  0.97  0.90  0.89  0.95  0.93  0.84  0.67  0.43 |  1.042
   43  0.00  0.00  0.00  0.00  0.00  0.04  0.34  0.58  0.75  0.84  0.87  0.82  0.79  0.90  0.88  0.81  0.94  1.02  1.04  1.01  0.93  0.87  0.94  0.90  0.75  0.80  0.84  0.83  0.77  0.83  0.93  0.88  0.71  0.70  0.86  0.88  0.73  0.70  0.76  0.83  0.87  0.86  0.90  0.99  1.00  0.93  0.78  0.54 |  1.043
   42  0.10  0.12  0.13  0.13  0.12  0.13  0.37  0.54  0.67  0.76  0.78  0.74  0.71  0.82  0.82  0.76  0.89  0.96  0.98  0.96  0.88  0.82  0.86  0.80  0.69  0.77  0.84  0.85  0.79  0.84  0.92  0.88  0.72  0.74  0.90  0.92  0.78  0.75  0.76  0.74  0.74  0.72  0.75  0.85  0.89  0.85  0.74  0.55 |  0.984
   41  0.30  0.37  0.40  0.40  0.37  0.42  0.61  0.70  0.80  0.88  0.89  0.83  0.80  0.88  0.83  0.77  0.88  0.93  0.92  0.92  0.92  0.92  0.95  0.88  0.82  0.92  0.96  0.90  0.85  0.88  0.90  0.88  0.75  0.83  0.98  1.01  0.90  0.87  0.84  0.73  0.66  0.59  0.56  0.66  0.71  0.69  0.63  0.50 |  1.014
   40  0.46  0.56  0.61  0.60  0.57  0.66  0.79  0.80  0.87  0.94  0.94  0.86  0.88  0.97  0.91  0.87  0.95  0.95  0.88  0.83  0.89  0.93  0.94  0.85  0.82  0.92  0.92  0.80  0.77  0.77  0.76  0.76  0.67  0.78  0.90  0.93  0.84  0.84  0.90  0.87  0.86  0.84  0.81  0.90  0.91  0.86  0.74  0.56 |  0.969
   39  0.55  0.68  0.74  0.73  0.69  0.81  0.87  0.80  0.82  0.87  0.86  0.78  0.84  0.94  0.88  0.87  0.94  0.92  0.81  0.74  0.83  0.91  0.89  0.79  0.80  0.88  0.85  0.68  0.73  0.80  0.80  0.84  0.78  0.91  0.95  0.92  0.80  0.74  0.82  0.87  0.92  0.94  0.92  0.97  0.96  0.88  0.73  0.51 |  0.974
   38  0.60  0.73  0.79  0.79  0.75  0.89  0.90  0.79  0.79  0.82  0.80  0.72  0.81  0.87  0.78  0.77  0.91  0.92  0.80  0.72  0.83  0.92  0.88  0.81  0.90  0.98  0.92  0.70  0.81  0.92  0.91  0.93  0.84  0.96  0.99  0.95  0.83  0.72  0.84  0.94  0.98  0.95  0.88  0.89  0.85  0.75  0.59  0.37 |  0.991
   37  0.59  0.72  0.78  0.77  0.74  0.90  0.93  0.82  0.83  0.87  0.84  0.76  0.85  0.89  0.77  0.74  0.92  0.95  0.83  0.75  0.86  0.95  0.89  0.83  0.94  0.99  0.89  0.64  0.79  0.95  0.99  1.01  0.92  0.99  0.98  0.89  0.72  0.59  0.72  0.88  0.95  0.95  0.91  0.90  0.84  0.73  0.56  0.33 |  1.010
   36  0.52  0.64  0.69  0.69  0.66  0.82  0.87  0.79  0.81  0.84  0.82  0.73  0.85  0.90  0.80  0.77  0.98  1.03  0.92  0.83  0.93  1.01  0.93  0.85  0.92  0.92  0.78  0.50  0.67  0.87  0.96  0.96  0.85  0.86  0.80  0.67  0.47  0.32  0.48  0.69  0.83  0.91  0.94  0.94  0.87  0.76  0.58  0.35 |  1.033
   35  0.62  0.76  0.83  0.84  0.81  0.94  0.94  0.83  0.76  0.75  0.73  0.65  0.77  0.84  0.77  0.75  0.96  1.01  0.90  0.81  0.91  0.99  0.90  0.83  0.93  0.94  0.80  0.51  0.64  0.79  0.82  0.86  0.81  0.87  0.86  0.76  0.58  0.41  0.54  0.71  0.80  0.86  0.91  0.92  0.87  0.77  0.60  0.37 |  1.009
   34  0.60  0.74  0.82  0.83  0.81  0.93  0.99  0.93  0.85  0.84  0.84  0.78  0.89  0.95  0.87  0.80  0.90  0.88  0.77  0.70  0.82  0.90  0.85  0.79  0.90  0.88  0.81  0.58  0.72  0.84  0.81  0.90  0.90  0.97  0.96  0.92  0.77  0.61  0.69  0.78  0.76  0.76  0.81  0.88  0.92  0.88  0.74  0.52 |  0.990
   33  0.46  0.57  0.63  0.66  0.65  0.75  0.88  0.92  0.85  0.84  0.87  0.84  0.94  0.99  0.98  0.95  0.95  0.87  0.77  0.76  0.92  1.00  0.93  0.88  0.99  0.95  0.92  0.79  0.92  0.98  0.88  0.92  0.88  0.96  0.95  0.97  0.88  0.76  0.83  0.86  0.78  0.72  0.75  0.87  0.97  0.94  0.81  0.60 |  1.004
   32  0.47  0.58  0.65  0.67  0.65  0.67  0.78  0.80  0.73  0.73  0.78  0.78  0.87  0.91  0.99  1.01  0.90  0.76  0.67  0.71  0.89  0.97  0.89  0.88  0.98  0.92  0.91  0.87  0.97  0.98  0.85  0.89  0.83  0.92  0.92  0.98  0.90  0.88  0.98  0.99  0.86  0.77  0.79  0.92  1.02  0.99  0.80  0.63 |  1.025
   31  0.62  0.77  0.86  0.89  0.85  0.84  0.94  0.93  0.81  0.83  0.89  0.90  0.91  0.87  0.94  0.96  0.85  0.74  0.71  0.81  0.97  0.98  0.82  0.79  0.88  0.80  0.79  0.82  0.91  0.91  0.83  0.91  0.85  0.90  0.89  0.95  0.86  0.91  1.01  0.98  0.80  0.67  0.67  0.81  0.94  0.90  0.71  0.60 |  1.006
   30  0.67  0.83  0.92  0.94  0.90  0.89  1.01  0.99  0.86  0.92  0.99  0.99  0.94  0.84  0.89  0.91  0.81  0.72  0.73  0.85  0.96  0.89  0.70  0.77  0.89  0.85  0.84  0.92  0.99  0.97  0.89  0.91  0.86  0.90  0.90  0.95  0.82  0.91  1.04  1.01  0.84  0.71  0.70  0.85  0.98  0.93  0.72  0.62 |  1.039
   29  0.58  0.72  0.80  0.82  0.78  0.78  0.92  0.95  0.85  0.96  1.02  1.03  0.98  0.87  0.93  0.96  0.86  0.77  0.78  0.90  1.01  0.93  0.77  0.90  1.01  0.95  0.83  0.84  0.89  0.89  0.86  0.86  0.85  0.91  0.95  0.95  0.79  0.87  1.01  1.01  0.86  0.74  0.73  0.88  1.01  0.96  0.74  0.63 |  1.031
   28  0.58  0.71  0.79  0.81  0.77  0.77  0.90  0.92  0.82  0.94  1.00  1.01  0.96  0.85  0.91  0.95  0.85  0.76  0.78  0.89  0.99  0.91  0.77  0.96  1.02  0.91  0.75  0.74  0.82  0.87  0.93  0.89  0.88  0.90  0.90  0.88  0.69  0.76  0.90  0.91  0.79  0.69  0.68  0.83  0.96  0.92  0.72  0.61 |  1.016
   27  0.59  0.73  0.80  0.82  0.78  0.77  0.88  0.88  0.76  0.87  0.93  0.94  0.89  0.79  0.84  0.88  0.78  0.70  0.71  0.82  0.90  0.82  0.72  0.93  0.98  0.88  0.74  0.73  0.81  0.89  0.96  0.89  0.86  0.84  0.87  0.88  0.72  0.78  0.90  0.93  0.82  0.70  0.66  0.81  0.95  0.93  0.75  0.64 |  0.982
   26  0.56  0.69  0.76  0.78  0.74  0.72  0.82  0.82  0.71  0.80  0.86  0.86  0.84  0.78  0.83  0.85  0.77  0.71  0.77  0.86  0.89  0.79  0.68  0.81  0.89  0.83  0.73  0.71  0.79  0.86  0.94  0.90  0.90  0.86  0.91  0.93  0.78  0.76  0.86  0.94  0.90  0.79  0.73  0.89  1.03  1.03  0.90  0.75 |  1.034
   25  0.68  0.84  0.93  0.96  0.91  0.86  0.94  0.94  0.81  0.90  0.95  0.94  0.96  0.92  0.91  0.88  0.81  0.77  0.90  1.02  1.00  0.95  0.84  0.88  0.95  0.90  0.78  0.68  0.69  0.75  0.84  0.86  0.89  0.83  0.89  0.91  0.76  0.63  0.68  0.80  0.81  0.72  0.66  0.82  0.97  1.01  0.94  0.79 |  1.017
   24  0.69  0.85  0.95  0.97  0.93  0.85  0.92  0.92  0.78  0.85  0.90  0.87  0.92  0.96  0.92  0.85  0.79  0.74  0.87  0.98  0.92  0.90  0.84  0.80  0.88  0.86  0.77  0.64  0.68  0.77  0.86  0.88  0.87  0.79  0.91  0.98  0.89  0.73  0.77  0.92  0.94  0.84  0.77  0.89  0.98  0.99  0.91  0.74 |  0.986
   23  0.59  0.73  0.81  0.83  0.79  0.70  0.74  0.75  0.64  0.67  0.70  0.67  0.73  0.89  0.87  0.81  0.78  0.72  0.79  0.90  0.85  0.86  0.90  0.83  0.92  0.93  0.85  0.71  0.75  0.83  0.90  0.94  0.85  0.80  0.96  1.04  0.96  0.77  0.82  0.99  1.02  0.92  0.86  0.92  0.93  0.88  0.78  0.62 |  1.044
   22  0.57  0.70  0.78  0.81  0.77  0.69  0.73  0.75  0.64  0.67  0.70  0.66  0.69  0.89  0.90  0.86  0.83  0.75  0.78  0.89  0.84  0.84  0.90  0.81  0.90  0.91  0.85  0.73  0.75  0.77  0.83  0.89  0.80  0.81  1.00  1.07  0.96  0.74  0.80  0.98  1.03  0.94  0.88  0.94  0.95  0.90  0.79  0.63 |  1.068
   21  0.58  0.72  0.80  0.82  0.78  0.80  0.90  0.96  0.87  0.90  0.91  0.83  0.78  0.90  0.88  0.89  0.88  0.81  0.80  0.90  0.86  0.83  0.92  0.84  0.94  0.96  0.92  0.85  0.88  0.85  0.87  0.90  0.78  0.80  0.97  1.01  0.88  0.66  0.71  0.89  0.95  0.88  0.84  0.90  0.91  0.86  0.75  0.60 |  1.006
   20  0.73  0.90  0.98  0.99  0.91  0.95  0.99  1.01  0.95  0.97  0.96  0.86  0.71  0.76  0.75  0.84  0.88  0.85  0.83  0.89  0.88  0.79  0.87  0.80  0.88  0.88  0.87  0.88  0.90  0.83  0.81  0.81  0.68  0.72  0.85  0.86  0.72  0.50  0.56  0.72  0.79  0.76  0.81  0.93  0.97  0.95  0.85  0.69 |  1.008
   19  0.76  0.93  1.00  0.99  0.89  0.95  0.93  0.91  0.86  0.95  1.00  0.95  0.79  0.82  0.83  0.94  0.92  0.88  0.84  0.91  0.94  0.85  0.95  0.91  0.96  0.92  0.89  0.88  0.89  0.84  0.84  0.85  0.76  0.86  0.93  0.87  0.68  0.42  0.39  0.47  0.55  0.56  0.73  0.90  0.98  0.99  0.91  0.74 |  1.005
   18  0.66  0.80  0.86  0.83  0.73  0.81  0.76  0.73  0.74  0.88  0.98  0.96  0.83  0.88  0.91  1.02  1.00  0.99  0.92  0.96  0.96  0.85  0.92  0.90  0.93  0.88  0.84  0.84  0.91  0.93  0.96  0.97  0.89  0.95  0.91  0.88  0.73  0.52  0.44  0.47  0.56  0.60  0.82  0.96  1.03  0.98  0.89  0.74 |  1.027
   17  0.55  0.66  0.70  0.67  0.57  0.65  0.62  0.64  0.70  0.88  0.99  1.00  0.88  0.90  0.89  0.95  0.98  0.99  0.89  0.93  0.95  0.88  0.94  0.99  1.03  0.99  0.94  0.91  0.99  1.02  0.99  0.96  0.88  0.92  0.89  0.96  0.92  0.79  0.67  0.59  0.61  0.59  0.75  0.84  0.95  0.92  0.84  0.74 |  1.032
   16  0.71  0.86  0.93  0.92  0.82  0.85  0.76  0.70  0.65  0.75  0.87  0.88  0.79  0.80  0.77  0.79  0.84  0.88  0.79  0.84  0.92  0.88  0.93  1.00  1.07  1.06  1.01  0.95  1.00  1.01  0.90  0.81  0.73  0.75  0.73  0.90  0.97  0.95  0.83  0.74  0.75  0.72  0.84  0.89  1.02  0.99  0.91  0.81 |  1.069
   15  0.74  0.91  0.99  0.99  0.91  0.95  0.91  0.86  0.78  0.82  0.93  0.94  0.86  0.88  0.84  0.79  0.80  0.83  0.77  0.80  0.87  0.80  0.78  0.85  0.95  0.98  0.96  0.88  0.92  0.91  0.79  0.75  0.74  0.75  0.73  0.92  1.01  1.00  0.90  0.82  0.84  0.80  0.86  0.86  0.99  0.95  0.88  0.80 |  1.010
   14  0.64  0.79  0.88  0.90  0.85  0.88  0.90  0.86  0.75  0.72  0.78  0.79  0.74  0.76  0.81  0.79  0.83  0.88  0.89  0.93  0.99  0.90  0.80  0.82  0.87  0.87  0.83  0.84  0.91  0.93  0.84  0.87  0.92  0.92  0.88  1.03  1.07  1.01  0.87  0.82  0.83  0.79  0.78  0.74  0.94  0.96  0.92  0.85 |  1.072
   13  0.66  0.81  0.89  0.89  0.82  0.82  0.91  0.90  0.80  0.73  0.77  0.77  0.72  0.76  0.87  0.87  0.86  0.89  0.89  0.92  0.99  0.89  0.84  0.90  0.95  0.95  0.91  0.97  1.03  1.00  0.87  0.87  0.91  0.89  0.84  0.98  1.02  0.95  0.82  0.81  0.82  0.77  0.67  0.58  0.83  0.91  0.91  0.85 |  1.030
   12  0.81  0.97  1.03  0.99  0.85  0.80  0.93  0.96  0.89  0.84  0.89  0.88  0.83  0.87  1.00  0.99  0.86  0.81  0.77  0.78  0.85  0.78  0.81  0.91  0.96  0.96  0.93  1.02  1.02  0.92  0.73  0.69  0.70  0.67  0.66  0.86  0.95  0.94  0.88  0.93  0.91  0.82  0.68  0.54  0.80  0.96  0.99  0.93 |  1.034
   11  0.85  1.00  1.04  0.96  0.77  0.68  0.84  0.91  0.89  0.88  0.93  0.92  0.86  0.91  1.05  1.04  0.90  0.83  0.78  0.78  0.83  0.74  0.76  0.86  0.91  0.91  0.88  0.98  0.99  0.90  0.72  0.69  0.70  0.67  0.69  0.87  0.96  0.93  0.86  0.89  0.85  0.74  0.57  0.42  0.69  0.90  0.98  0.91 |  1.046
   10  0.77  0.89  0.90  0.80  0.58  0.47  0.66  0.77  0.82  0.84  0.89  0.88  0.83  0.88  1.02  1.02  0.89  0.82  0.78  0.76  0.77  0.66  0.66  0.75  0.79  0.79  0.76  0.85  0.93  0.92  0.81  0.80  0.82  0.79  0.80  0.91  0.92  0.81  0.73  0.74  0.72  0.65  0.50  0.37  0.62  0.89  0.98  0.90 |  1.019
    9  0.58  0.65  0.63  0.56  0.37  0.28  0.51  0.69  0.81  0.88  0.90  0.88  0.79  0.81  0.91  0.93  0.82  0.76  0.72  0.75  0.78  0.66  0.64  0.69  0.69  0.69  0.67  0.71  0.85  0.89  0.84  0.83  0.86  0.83  0.84  0.96  0.96  0.83  0.81  0.81  0.88  0.87  0.77  0.64  0.79  0.98  1.02  0.91 |  1.020
    8  0.72  0.81  0.78  0.76  0.58  0.44  0.66  0.83  0.93  0.98  0.97  0.99  0.92  0.91  0.97  1.01  0.92  0.84  0.75  0.80  0.88  0.83  0.80  0.85  0.84  0.86  0.83  0.73  0.80  0.84  0.77  0.70  0.72  0.69  0.72  0.86  0.87  0.76  0.81  0.82  0.95  1.01  0.95  0.83  0.85  0.93  0.91  0.78 |  1.009
    7  0.81  0.91  0.89  0.92  0.76  0.58  0.76  0.88  0.94  0.95  0.91  0.98  0.95  0.92  0.95  1.01  0.95  0.86  0.72  0.77  0.84  0.83  0.79  0.80  0.79  0.83  0.81  0.70  0.79  0.89  0.87  0.77  0.80  0.77  0.77  0.90  0.90  0.77  0.82  0.82  0.98  1.05  1.03  0.93  0.89  0.93  0.87  0.73 |  1.049
    6  0.82  0.92  0.91  0.98  0.87  0.66  0.77  0.83  0.84  0.80  0.73  0.85  0.85  0.79  0.80  0.88  0.87  0.78  0.60  0.68  0.80  0.89  0.88  0.89  0.88  0.94  0.93  0.81  0.90  1.00  0.96  0.82  0.85  0.82  0.80  0.92  0.96  0.83  0.88  0.85  0.98  1.00  1.03  0.95  0.86  0.85  0.77  0.62 |  1.030
    5  0.74  0.83  0.82  0.95  0.90  0.75  0.87  0.94  0.96  0.91  0.84  0.97  0.97  0.86  0.76  0.82  0.84  0.77  0.60  0.70  0.84  0.96  0.89  0.88  0.86  0.94  0.96  0.86  0.96  1.04  0.97  0.80  0.83  0.80  0.76  0.86  0.91  0.79  0.83  0.77  0.87  0.85  0.93  0.92  0.88  0.86  0.78  0.63 |  1.043
    4  0.61  0.68  0.69  0.86  0.87  0.79  0.92  1.00  1.01  0.97  0.88  1.02  1.03  0.90  0.79  0.92  1.01  0.98  0.82  0.89  0.95  1.00  0.84  0.81  0.80  0.90  0.94  0.88  0.99  1.04  0.97  0.80  0.84  0.81  0.74  0.79  0.82  0.69  0.69  0.61  0.69  0.65  0.79  0.85  0.86  0.84  0.76  0.61 |  1.039
    3  0.62  0.69  0.70  0.87  0.88  0.79  0.92  1.00  1.01  0.97  0.88  1.01  1.01  0.88  0.77  0.92  1.07  1.07  0.94  0.98  0.93  0.98  0.81  0.79  0.79  0.91  0.97  0.94  1.02  1.03  1.01  0.89  0.95  0.94  0.86  0.87  0.88  0.81  0.79  0.73  0.81  0.76  0.93  1.02  1.04  0.98  0.85  0.66 |  1.074
    2  0.59  0.66  0.66  0.82  0.83  0.74  0.87  0.94  0.95  0.91  0.83  0.93  0.91  0.78  0.67  0.84  1.02  1.05  0.95  1.00  0.95  1.03  0.89  0.88  0.88  0.97  1.01  0.93  0.92  0.89  0.89  0.81  0.89  0.90  0.84  0.87  0.91  0.94  0.92  0.88  0.93  0.85  0.98  1.04  1.03  0.96  0.81  0.60 |  1.052
    1  0.52  0.59  0.59  0.73  0.73  0.65  0.76  0.82  0.84  0.80  0.73  0.78  0.74  0.61  0.50  0.67  0.85  0.91  0.85  0.92  0.89  0.98  0.86  0.86  0.83  0.89  0.89  0.80  0.69  0.60  0.62  0.58  0.65  0.67  0.65  0.72  0.81  0.95  0.93  0.90  0.90  0.77  0.86  0.88  0.86  0.78  0.64  0.45 |  0.984
    0  0.42  0.47  0.47  0.58  0.58  0.52  0.60  0.65  0.66  0.63  0.57  0.57  0.50  0.37  0.27  0.41  0.58  0.66  0.65  0.74  0.73  0.83  0.74  0.71  0.65  0.66  0.64  0.54  0.44  0.38  0.45  0.48  0.54  0.56  0.55  0.61  0.69  0.83  0.81  0.79  0.74  0.57  0.59  0.58  0.54  0.47  0.37  0.24 |  0.827

Stats: avg=0.8100  max=1.0736  over-target bins=1102 / 2304
