=== Tier 0 Density Map ===
Die size  : 269.0 x 269.0
Bin grid  : 64 rows x 64 cols  (bin=4.20 x 4.20)
Target ρ  : 0.900

ASCII visualization (row = y-axis, col = x-axis):
  ' '=0~0.3t  '.'=0.3~0.7t  'o'=0.7~1.0t  '+'=1.0~1.3t  '#'=1.3~2.0t  '@'=2.0t+
  X: |       |       |       |       |       |       |       |       
 63 |........ooo.....oooooooo.ooooo...oooo........oooooo... ...      | max=0.813
 62 |..oooooooooo...ooo++oooooooooo..ooooooooooooooooooooo.........  | max=0.922
 61 |.oooooooo++ooooo+++++ooooo++ooooooo+ooooooooooooo++oooooooo.... | max=0.975
 60 |.oo++++o+++ooooo+++++oooo+++oo..oo+++o+++ooo++oo+++oooooooooo.. | max=1.005
 59 |ooo++++++++ooooooooooooooo++oooooo++++++++o+++ooo++ooooo++ooo...| max=0.988
 58 |ooo++++oo++ooooooooooooooo+++oooo+++++++++o+++ooooooooo++++ooo..| max=1.009
 57 |.oo++++oo+++ooo+++oooooo++++++ooo+++o+++++o++oo..ooooo+++++ooo..| max=1.001
 56 |.ooo++oooo++ooo+++oooooo++oooooooooooo+++oo++oo...oooo+++++ooo..| max=0.966
 55 |.oo+++ooooooooo+++ooooo+++ooo+ooo++ooooooooo+oooooooooooooooo...| max=0.959
 54 |oo++++++ooooo+++o+ooooooooooo+ooo+ooooooooooooooooooooooooooo...| max=1.014
 53 |oo++++++oooooo++o++oooo++oooooooooooooooooo++oo..oooooooo++ooo..| max=0.999
 52 |.oooooooooooo+++o+++oo++++ooo++oo+++ooooooo++oooooooo++o++oooo..| max=0.997
 51 |.ooooooooooooooooo+ooo++++ooo++o++++o++++oo+++oooo++o++ooooooo..| max=0.997
 50 |ooo+++oo+ooooooooooooooo++ooo++++++oooooooooo++oo++ooooooooooo..| max=0.942
 49 |oo++++++++ooo+++o+++oo+ooooooo+++oooooooooooooooooooo++o++oooooo| max=1.009
 48 |ooo+++++++ooo+++o+++oooooo..oooooooooooo+oooooooooooo++o++o+++oo| max=0.971
 47 |.ooooooooooo++++ooooo++ooo..oooooooooo+++oo++++oo+++++oooooo+ooo| max=0.963
 46 |..ooooooooooooooooooo++oooo.oooo+++oooooooooo++o+++++oooooooooo.| max=0.955
 45 |..ooooooooooooooooooo++++ooooooo++++oo++oooo+++oo+++ooo.........| max=0.980
 44 |.oo++++o++o+oo+oooooo++o++ooooo+++++oo++oooo++ooooooooo.ooooooo.| max=0.965
 43 |ooo+++++++++++++++ooo++o++o+++o++ooooooooooo+ooooo++oooooooo+ooo| max=0.996
 42 |.ooo++ooo+o++o++++++o++oo+oo+oooooooooooo.ooooooo++++ooo+oo+++oo| max=0.957
 41 |..oooooooooooooo++o+o+ooo+o+++o++ooooo++ooooooooo++++o+++oo++ooo| max=0.962
 40 |..oooooooooooooo++o+o+oooooo++o+++oooo+++oo+ooooooooooo++oooooo.| max=0.992
 39 |..ooooooooo+ooo+++o+o+ooo+++++oo++oooo+++o++ooooooooooooooooooo.| max=0.997
 38 |.ooo++oooo++ooo+++++++ooooooooooooooooo+oooooooo++ooooo++oooooo.| max=0.964
 37 |ooo+++++o+++ooooo+o+++ooo+++ooooooo.ooooooooooo+++ooooo++oooooo.| max=1.014
 36 |.oo+++++oooooooo++ooooo.oo++++oo++ooooooooooooo+++oooooooooooooo| max=0.986
 35 |.oooooooooooo..oooooooooooooo+++++oooo+++o+oooo+++oooooooooo++oo| max=0.961
 34 |...oooooooooo.oo++o+++ooo++++++o++ooo++++++ooooo++oooo+ooooo++oo| max=0.973
 33 |..ooo+ooooo+ooo+++o+++oo++oooooooooooo+o++ooooooo+oo++++oooo+ooo| max=0.976
 32 |.ooo+++++++++oo+++o++++o++ooooooooooooooo+++ooooo+oooo++ooooooo.| max=1.003
 31 |.ooo+++o++++oooooooo++oo++ooo+ooooooo+ooooooooooooooooooooooooo.| max=0.989
 30 |...ooooooooooo.ooooooooo++o++++oooooo+ooooo+ooooooo..oooooo++oo.| max=0.963
 29 |..ooo+ooooooooooooooooooo+o++++o++oo++ooo+++ooooooo...ooo+o++oo.| max=0.965
 28 |.ooo++ooo++ooooo+oo++ooooooo+++o+++o++ooo+++ooooo+ooooo++++++o..| max=0.979
 27 |.ooo++ooooooooo+++o+oooooooooooo+++o+oooo++oooooo++ooo++ooo+oo..| max=0.981
 26 |.ooo+ooooooooooo++++oooooooooooo++oooooooooo.oooo++ooo++ooooo...| max=0.982
 25 |.ooo++ooo+++oooo+++++oooooo++ooo++oooooooooo..ooo++oooooooooo...| max=0.962
 24 |...o++oo+++++oo+++oo++++o++++ooooooooooooooo..ooooooooooooooo...| max=0.971
 23 |...ooooooo+++oo+ooooo+++o++++ooooooooooo+ooo.oooooooooo+oo+oo...| max=0.980
 22 |...oooooooo+ooo+o+ooo+++oooooooo+ooo+oo+++oooooooooooo++o++oo...| max=0.971
 21 |..ooo++oooo++oo+++ooo++ooooooooo+ooo+oo++++ooo++oooooooooooooo..| max=0.947
 20 |..oo+++++o+++oo+++ooooooooooooo++++++ooo+++oo+++ooooooo+o+++oo..| max=0.986
 19 |...oo++++oo+ooo++oo.oo++ooo+oo+++++++oo+++++o+++o.o.oooooo+ooo..| max=1.007
 18 |..ooooooooooo.o+++oooo++oo+++o+++++o++++++++++++oooooo++oo+ooo..| max=1.052
 17 |..ooooooo.....oo++oooo+oooooooo+oooo+++++++++o++oooooo+oooooo.. | max=1.065
 16 |..oooooooooooooo+oo..ooooooooooooooooo++++++ooooo...oooooooo..  | max=1.048
 15 |....ooo++oooooo+++ooooo+ooo++oooooooooo+++++ooooo...ooooooooo.. | max=0.999
 14 |.....oo+++++ooo+++oooo+++o++++ooo...oooo+++oooooo.oooo+oooooo.. | max=0.976
 13 |.....oo++++ooooo+ooooo+++o++++ooooo.ooooooooooooo.o.oo+oooooo.. | max=0.990
 12 |.....ooooooooooooooooo+++o++++++oooooo++oooooooooooooo+oooooo.. | max=0.978
 11 |.....o+++oooooooooo..oo+oo+++oo++oooo+++oo++oo+++oooo++ooooo..  | max=0.971
 10 |....oo+++oooooo++oooooooooooooo+++ooo+++oooooooo++ooooooooo...  | max=0.993
  9 |...ooo+++ooooo++++ooooooooooooo+++ooooooooooooooo+oooooo......  | max=0.989
  8 |....ooooooooooo++ooooooooo+++oo++oooooooooooooooooo..oo......   | max=0.955
  7 |.ooooo+ooo...oooooooooooo++++oo+ooo.oo+ooo++++oooooo.... .      | max=0.968
  6 |.oooo+++oo...oo++ooooooooo++oooooo..ooooo++++++oo+oo....        | max=1.014
  5 |.ooooo+ooo...oo++ooo++oooooooo.o.....oooo++++++o++oo...         | max=1.026
  4 |..ooooooo....ooooooo+++oooooooooo...oo+++++++++oo+oo...         | max=1.004
  3 |..oooo++oooo.oo++ooo+++ooooo++oooo..oo++++++++ooooo....         | max=0.964
  2 |..oooo++ooooooo+ooooo+oooooo+++oo....ooo+oooooooooo....         | max=0.947
  1 |..oooooooooooooooo.oooooooooo+ooo....oooooooooo.......          | max=0.902
  0 |.....oooo....oooo...ooo..oooooooo....ooooo..........            | max=0.792

Numeric density table (row = y-axis, each cell = bin density):
  y\x     0     1     2     3     4     5     6     7     8     9    10    11    12    13    14    15    16    17    18    19    20    21    22    23    24    25    26    27    28    29    30    31    32    33    34    35    36    37    38    39    40    41    42    43    44    45    46    47    48    49    50    51    52    53    54    55    56    57    58    59    60    61    62    63 | row_max
------------------------------------------------------------------------------------------------------------------------------------------------------------------------------------------------------------------------------------------------------------------------------------------------------------------------------------------------------------------------------------------------------|--------
   63  0.41  0.50  0.56  0.61  0.63  0.63  0.61  0.61  0.67  0.68  0.65  0.58  0.47  0.49  0.50  0.58  0.70  0.78  0.81  0.81  0.76  0.67  0.65  0.64  0.61  0.71  0.77  0.78  0.74  0.65  0.55  0.55  0.56  0.65  0.69  0.69  0.63  0.56  0.60  0.61  0.60  0.57  0.51  0.58  0.60  0.63  0.66  0.69  0.71  0.72  0.63  0.50  0.45  0.36  0.26  0.28  0.28  0.28  0.27  0.25  0.22  0.19  0.14  0.09 |  0.813
   62  0.50  0.60  0.69  0.74  0.77  0.77  0.74  0.74  0.79  0.80  0.76  0.68  0.54  0.56  0.56  0.67  0.80  0.89  0.92  0.92  0.88  0.79  0.77  0.76  0.72  0.83  0.89  0.90  0.85  0.74  0.62  0.62  0.63  0.75  0.82  0.82  0.76  0.69  0.73  0.75  0.74  0.70  0.63  0.72  0.74  0.76  0.79  0.81  0.84  0.87  0.80  0.68  0.64  0.56  0.47  0.49  0.50  0.49  0.48  0.44  0.39  0.33  0.25  0.16 |  0.922
   61  0.57  0.69  0.78  0.84  0.87  0.87  0.84  0.83  0.90  0.94  0.92  0.84  0.69  0.71  0.71  0.80  0.92  0.98  0.97  0.96  0.94  0.86  0.85  0.83  0.79  0.90  0.96  0.95  0.89  0.77  0.64  0.64  0.66  0.80  0.89  0.90  0.86  0.79  0.84  0.86  0.85  0.80  0.72  0.82  0.84  0.86  0.86  0.87  0.90  0.96  0.90  0.79  0.78  0.71  0.63  0.66  0.68  0.67  0.64  0.60  0.53  0.45  0.34  0.22 |  0.975
   60  0.61  0.75  0.85  0.91  0.95  0.95  0.91  0.88  0.95  1.00  0.99  0.90  0.73  0.75  0.74  0.82  0.93  0.96  0.93  0.93  0.93  0.88  0.87  0.86  0.82  0.91  0.96  0.95  0.87  0.74  0.61  0.61  0.63  0.80  0.90  0.94  0.92  0.86  0.92  0.94  0.92  0.88  0.79  0.89  0.91  0.91  0.89  0.88  0.90  0.98  0.94  0.84  0.86  0.82  0.76  0.80  0.81  0.81  0.77  0.72  0.64  0.54  0.41  0.26 |  1.005
   59  0.64  0.78  0.88  0.95  0.99  0.99  0.95  0.90  0.94  0.98  0.95  0.84  0.66  0.67  0.66  0.73  0.82  0.85  0.81  0.83  0.86  0.85  0.85  0.84  0.80  0.87  0.90  0.93  0.88  0.77  0.64  0.64  0.65  0.81  0.90  0.94  0.94  0.91  0.97  0.99  0.97  0.92  0.83  0.93  0.95  0.93  0.87  0.84  0.84  0.94  0.92  0.84  0.89  0.88  0.85  0.89  0.91  0.90  0.87  0.80  0.72  0.60  0.46  0.29 |  0.988
   58  0.64  0.78  0.89  0.96  0.99  0.99  0.96  0.89  0.88  0.91  0.91  0.83  0.67  0.70  0.70  0.77  0.85  0.85  0.79  0.80  0.82  0.83  0.86  0.87  0.85  0.90  0.91  0.96  0.95  0.88  0.77  0.76  0.77  0.91  0.96  0.95  0.94  0.93  0.99  1.01  0.99  0.94  0.85  0.94  0.95  0.91  0.80  0.74  0.73  0.83  0.82  0.77  0.86  0.89  0.90  0.95  0.97  0.96  0.92  0.85  0.76  0.64  0.49  0.31 |  1.009
   57  0.63  0.76  0.87  0.93  0.97  0.97  0.93  0.87  0.86  0.90  0.95  0.92  0.79  0.84  0.85  0.91  0.96  0.94  0.84  0.81  0.78  0.79  0.84  0.90  0.91  0.93  0.91  0.96  0.96  0.93  0.82  0.78  0.80  0.93  0.95  0.92  0.90  0.92  0.98  1.00  0.99  0.93  0.84  0.92  0.93  0.84  0.68  0.58  0.55  0.65  0.67  0.65  0.77  0.86  0.91  0.96  0.98  0.97  0.93  0.87  0.77  0.65  0.50  0.31 |  1.001
   56  0.59  0.72  0.81  0.88  0.91  0.91  0.88  0.81  0.80  0.85  0.92  0.91  0.81  0.88  0.90  0.94  0.97  0.94  0.84  0.79  0.73  0.74  0.81  0.90  0.93  0.90  0.84  0.87  0.89  0.89  0.79  0.73  0.75  0.88  0.88  0.85  0.83  0.88  0.94  0.96  0.95  0.90  0.82  0.90  0.91  0.83  0.66  0.55  0.52  0.63  0.65  0.65  0.77  0.85  0.91  0.94  0.96  0.95  0.91  0.85  0.75  0.63  0.48  0.31 |  0.966
   55  0.61  0.75  0.84  0.91  0.94  0.93  0.89  0.83  0.79  0.81  0.86  0.87  0.79  0.86  0.89  0.91  0.91  0.92  0.87  0.82  0.74  0.76  0.85  0.94  0.96  0.91  0.82  0.83  0.89  0.94  0.88  0.81  0.83  0.93  0.90  0.84  0.79  0.82  0.87  0.89  0.88  0.84  0.78  0.89  0.93  0.88  0.74  0.66  0.64  0.75  0.77  0.77  0.84  0.88  0.88  0.87  0.89  0.88  0.85  0.79  0.70  0.59  0.45  0.28 |  0.959
   54  0.68  0.82  0.92  0.99  1.01  1.00  0.95  0.91  0.88  0.86  0.88  0.90  0.86  0.93  0.96  0.95  0.90  0.92  0.88  0.80  0.67  0.68  0.77  0.86  0.88  0.83  0.72  0.71  0.81  0.92  0.89  0.82  0.84  0.92  0.88  0.79  0.71  0.74  0.79  0.80  0.79  0.75  0.72  0.84  0.88  0.85  0.74  0.68  0.68  0.78  0.81  0.81  0.86  0.88  0.85  0.82  0.85  0.85  0.82  0.77  0.69  0.59  0.46  0.30 |  1.014
   53  0.68  0.82  0.92  0.98  1.00  0.98  0.92  0.91  0.88  0.84  0.82  0.85  0.83  0.90  0.93  0.92  0.86  0.94  0.94  0.87  0.71  0.74  0.84  0.92  0.93  0.85  0.70  0.65  0.74  0.85  0.82  0.76  0.78  0.84  0.84  0.80  0.75  0.79  0.86  0.89  0.89  0.85  0.82  0.90  0.91  0.85  0.72  0.62  0.63  0.73  0.77  0.77  0.81  0.86  0.85  0.84  0.89  0.92  0.91  0.87  0.80  0.70  0.57  0.41 |  0.999
   52  0.61  0.74  0.83  0.88  0.89  0.87  0.81  0.83  0.84  0.81  0.79  0.84  0.86  0.91  0.93  0.91  0.85  0.94  0.96  0.90  0.75  0.80  0.91  0.97  1.00  0.95  0.82  0.74  0.83  0.94  0.92  0.87  0.89  0.93  0.95  0.92  0.85  0.86  0.88  0.89  0.89  0.86  0.85  0.92  0.93  0.87  0.74  0.64  0.68  0.78  0.84  0.86  0.87  0.92  0.91  0.89  0.93  0.93  0.89  0.87  0.81  0.73  0.61  0.46 |  0.997
   51  0.60  0.72  0.81  0.86  0.87  0.85  0.79  0.83  0.85  0.83  0.77  0.80  0.82  0.84  0.85  0.82  0.75  0.86  0.90  0.86  0.73  0.81  0.91  0.96  1.00  0.98  0.87  0.76  0.83  0.93  0.92  0.88  0.90  0.93  0.97  0.96  0.89  0.90  0.90  0.90  0.91  0.88  0.86  0.94  0.96  0.95  0.88  0.79  0.84  0.90  0.92  0.90  0.90  0.94  0.92  0.88  0.89  0.86  0.78  0.77  0.74  0.67  0.58  0.46 |  0.997
   50  0.64  0.77  0.86  0.92  0.93  0.91  0.86  0.90  0.93  0.89  0.78  0.81  0.83  0.84  0.86  0.83  0.76  0.86  0.89  0.82  0.68  0.77  0.86  0.88  0.92  0.93  0.84  0.75  0.83  0.93  0.94  0.92  0.93  0.90  0.92  0.89  0.83  0.85  0.83  0.82  0.84  0.80  0.78  0.85  0.89  0.93  0.91  0.85  0.90  0.92  0.91  0.86  0.84  0.87  0.85  0.81  0.82  0.79  0.71  0.74  0.74  0.70  0.63  0.52 |  0.942
   49  0.68  0.82  0.92  0.98  1.01  1.00  0.94  0.98  1.00  0.95  0.84  0.88  0.90  0.92  0.95  0.93  0.86  0.94  0.96  0.91  0.79  0.86  0.91  0.88  0.89  0.87  0.75  0.67  0.77  0.87  0.91  0.91  0.91  0.85  0.84  0.81  0.77  0.80  0.78  0.78  0.81  0.77  0.74  0.79  0.81  0.86  0.86  0.80  0.86  0.89  0.89  0.86  0.86  0.91  0.92  0.89  0.92  0.91  0.83  0.89  0.90  0.86  0.78  0.66 |  1.009
   48  0.64  0.78  0.88  0.94  0.97  0.96  0.92  0.95  0.97  0.92  0.82  0.87  0.89  0.91  0.97  0.96  0.88  0.95  0.96  0.93  0.83  0.89  0.90  0.83  0.82  0.77  0.62  0.57  0.67  0.75  0.80  0.83  0.82  0.79  0.79  0.77  0.77  0.82  0.84  0.88  0.92  0.89  0.85  0.87  0.87  0.89  0.85  0.76  0.83  0.86  0.87  0.85  0.86  0.92  0.93  0.89  0.93  0.94  0.86  0.93  0.96  0.93  0.85  0.72 |  0.971
   47  0.52  0.64  0.73  0.79  0.82  0.82  0.80  0.82  0.87  0.87  0.82  0.89  0.91  0.93  0.96  0.92  0.84  0.89  0.89  0.89  0.83  0.90  0.92  0.85  0.83  0.78  0.61  0.57  0.66  0.73  0.77  0.82  0.88  0.88  0.89  0.86  0.84  0.87  0.90  0.93  0.94  0.88  0.86  0.90  0.91  0.94  0.91  0.82  0.89  0.92  0.93  0.92  0.90  0.92  0.90  0.83  0.86  0.87  0.79  0.88  0.91  0.89  0.82  0.70 |  0.963
   46  0.49  0.60  0.68  0.74  0.77  0.78  0.76  0.75  0.78  0.81  0.77  0.84  0.86  0.87  0.89  0.83  0.76  0.80  0.80  0.84  0.81  0.91  0.93  0.87  0.86  0.80  0.63  0.60  0.68  0.74  0.76  0.84  0.92  0.95  0.94  0.88  0.83  0.82  0.85  0.86  0.85  0.76  0.77  0.84  0.87  0.92  0.91  0.84  0.91  0.95  0.96  0.94  0.91  0.87  0.80  0.69  0.71  0.71  0.63  0.72  0.76  0.76  0.71  0.61 |  0.955
   45  0.51  0.63  0.71  0.77  0.81  0.81  0.79  0.74  0.76  0.78  0.73  0.80  0.81  0.80  0.83  0.81  0.77  0.81  0.81  0.85  0.84  0.96  0.98  0.93  0.94  0.89  0.74  0.72  0.78  0.81  0.80  0.86  0.94  0.94  0.97  0.93  0.88  0.87  0.92  0.93  0.89  0.79  0.81  0.90  0.93  0.96  0.92  0.82  0.89  0.92  0.93  0.92  0.87  0.80  0.69  0.56  0.57  0.56  0.48  0.57  0.62  0.62  0.59  0.51 |  0.980
   44  0.61  0.74  0.84  0.91  0.95  0.96  0.93  0.87  0.90  0.92  0.86  0.91  0.89  0.87  0.91  0.90  0.88  0.88  0.84  0.85  0.79  0.92  0.93  0.89  0.93  0.93  0.82  0.84  0.89  0.89  0.86  0.90  0.96  0.94  0.95  0.92  0.88  0.85  0.92  0.92  0.86  0.75  0.79  0.90  0.94  0.95  0.89  0.76  0.83  0.86  0.87  0.85  0.81  0.74  0.70  0.62  0.66  0.69  0.63  0.73  0.77  0.77  0.72  0.62 |  0.965
   43  0.63  0.77  0.88  0.95  0.99  1.00  0.97  0.91  0.94  0.98  0.92  0.96  0.92  0.90  0.93  0.94  0.94  0.93  0.87  0.87  0.79  0.91  0.91  0.86  0.91  0.95  0.87  0.91  0.96  0.94  0.88  0.91  0.96  0.90  0.89  0.84  0.81  0.78  0.85  0.85  0.77  0.65  0.72  0.85  0.91  0.90  0.84  0.75  0.83  0.89  0.91  0.90  0.86  0.79  0.80  0.76  0.81  0.82  0.77  0.86  0.90  0.89  0.82  0.70 |  0.996
   42  0.59  0.72  0.82  0.88  0.92  0.92  0.90  0.84  0.89  0.94  0.90  0.94  0.91  0.89  0.92  0.93  0.95  0.95  0.91  0.91  0.83  0.94  0.92  0.86  0.89  0.93  0.84  0.88  0.90  0.88  0.80  0.82  0.86  0.79  0.78  0.72  0.73  0.73  0.84  0.85  0.75  0.62  0.68  0.79  0.82  0.79  0.77  0.71  0.83  0.91  0.95  0.96  0.92  0.85  0.89  0.88  0.91  0.89  0.83  0.92  0.95  0.93  0.86  0.73 |  0.957
   41  0.49  0.60  0.68  0.73  0.76  0.76  0.74  0.69  0.75  0.82  0.81  0.86  0.84  0.83  0.86  0.88  0.91  0.92  0.89  0.90  0.83  0.91  0.86  0.79  0.84  0.91  0.87  0.92  0.96  0.95  0.87  0.90  0.94  0.87  0.83  0.75  0.76  0.77  0.90  0.92  0.84  0.71  0.77  0.84  0.85  0.79  0.78  0.74  0.85  0.92  0.93  0.93  0.91  0.84  0.92  0.94  0.95  0.89  0.83  0.90  0.92  0.90  0.82  0.69 |  0.962
   40  0.51  0.63  0.71  0.77  0.80  0.80  0.78  0.73  0.78  0.84  0.84  0.88  0.84  0.83  0.85  0.88  0.91  0.91  0.88  0.91  0.86  0.93  0.86  0.77  0.82  0.90  0.86  0.89  0.93  0.92  0.86  0.91  0.97  0.91  0.85  0.76  0.76  0.79  0.95  0.99  0.93  0.82  0.88  0.91  0.88  0.79  0.79  0.76  0.85  0.87  0.84  0.83  0.82  0.77  0.87  0.92  0.91  0.82  0.76  0.81  0.81  0.78  0.71  0.59 |  0.992
   39  0.50  0.62  0.70  0.76  0.79  0.79  0.76  0.71  0.75  0.82  0.87  0.92  0.88  0.87  0.89  0.92  0.93  0.92  0.87  0.90  0.88  0.92  0.84  0.73  0.80  0.92  0.90  0.91  0.92  0.91  0.84  0.86  0.93  0.92  0.84  0.74  0.74  0.78  0.94  1.00  0.94  0.85  0.91  0.91  0.86  0.76  0.77  0.76  0.82  0.82  0.75  0.73  0.73  0.68  0.82  0.89  0.89  0.81  0.77  0.81  0.82  0.78  0.71  0.59 |  0.997
   38  0.59  0.72  0.82  0.88  0.92  0.92  0.90  0.84  0.85  0.89  0.95  0.96  0.88  0.83  0.85  0.92  0.96  0.95  0.90  0.95  0.93  0.93  0.80  0.66  0.74  0.89  0.90  0.88  0.86  0.86  0.78  0.78  0.86  0.88  0.80  0.69  0.70  0.73  0.88  0.94  0.89  0.81  0.87  0.89  0.86  0.78  0.84  0.88  0.93  0.91  0.82  0.79  0.78  0.74  0.86  0.93  0.92  0.83  0.78  0.83  0.83  0.79  0.72  0.60 |  0.964
   37  0.64  0.78  0.89  0.97  1.01  1.01  0.99  0.93  0.90  0.91  0.97  0.93  0.79  0.70  0.72  0.83  0.90  0.91  0.87  0.93  0.93  0.92  0.79  0.64  0.76  0.93  0.96  0.92  0.87  0.86  0.76  0.73  0.79  0.80  0.72  0.63  0.63  0.66  0.78  0.81  0.76  0.69  0.75  0.78  0.77  0.73  0.84  0.94  0.98  0.95  0.84  0.81  0.80  0.75  0.87  0.93  0.91  0.81  0.76  0.80  0.80  0.77  0.69  0.58 |  1.014
   36  0.62  0.76  0.86  0.94  0.98  0.99  0.96  0.90  0.84  0.82  0.88  0.85  0.73  0.65  0.68  0.83  0.91  0.92  0.85  0.88  0.86  0.85  0.73  0.59  0.72  0.90  0.95  0.95  0.93  0.95  0.89  0.86  0.91  0.92  0.84  0.74  0.76  0.78  0.87  0.86  0.83  0.77  0.81  0.82  0.77  0.72  0.84  0.95  0.98  0.94  0.83  0.79  0.79  0.74  0.84  0.89  0.86  0.79  0.79  0.87  0.90  0.87  0.80  0.68 |  0.986
   35  0.53  0.64  0.73  0.80  0.83  0.84  0.82  0.77  0.70  0.67  0.72  0.72  0.64  0.57  0.61  0.78  0.86  0.85  0.79  0.83  0.84  0.86  0.77  0.65  0.75  0.88  0.88  0.89  0.90  0.96  0.93  0.90  0.95  0.96  0.89  0.81  0.84  0.88  0.95  0.92  0.93  0.88  0.90  0.86  0.77  0.69  0.80  0.90  0.94  0.92  0.82  0.79  0.79  0.75  0.83  0.86  0.81  0.75  0.78  0.89  0.94  0.93  0.86  0.74 |  0.961
   34  0.40  0.49  0.57  0.64  0.69  0.71  0.71  0.69  0.64  0.63  0.71  0.73  0.69  0.62  0.64  0.83  0.91  0.90  0.84  0.90  0.92  0.92  0.85  0.76  0.86  0.94  0.90  0.91  0.91  0.96  0.93  0.87  0.91  0.92  0.87  0.81  0.87  0.91  0.97  0.92  0.96  0.93  0.92  0.88  0.78  0.69  0.79  0.88  0.92  0.94  0.88  0.87  0.89  0.86  0.91  0.89  0.79  0.72  0.72  0.84  0.91  0.92  0.86  0.74 |  0.973
   33  0.52  0.62  0.70  0.82  0.89  0.91  0.89  0.86  0.83  0.83  0.90  0.90  0.84  0.76  0.74  0.91  0.98  0.93  0.85  0.94  0.96  0.95  0.89  0.84  0.93  0.94  0.84  0.83  0.82  0.87  0.83  0.75  0.80  0.81  0.78  0.75  0.84  0.88  0.93  0.86  0.92  0.92  0.88  0.86  0.75  0.68  0.77  0.84  0.88  0.93  0.88  0.88  0.92  0.90  0.97  0.95  0.85  0.77  0.75  0.87  0.91  0.88  0.80  0.70 |  0.976
   32  0.58  0.68  0.76  0.90  0.98  1.00  0.96  0.92  0.92  0.93  0.98  0.97  0.90  0.81  0.76  0.92  0.97  0.91  0.82  0.93  0.97  0.95  0.90  0.88  0.95  0.93  0.80  0.80  0.80  0.85  0.83  0.75  0.78  0.78  0.74  0.72  0.82  0.86  0.87  0.78  0.89  0.93  0.91  0.91  0.82  0.76  0.84  0.87  0.89  0.93  0.87  0.83  0.86  0.87  0.94  0.93  0.82  0.75  0.71  0.82  0.84  0.78  0.68  0.60 |  1.003
   31  0.57  0.66  0.72  0.88  0.97  0.99  0.94  0.89  0.92  0.94  0.96  0.94  0.87  0.78  0.71  0.85  0.89  0.83  0.75  0.89  0.94  0.91  0.87  0.88  0.97  0.95  0.84  0.86  0.87  0.92  0.88  0.78  0.82  0.82  0.78  0.76  0.88  0.91  0.86  0.72  0.82  0.89  0.87  0.89  0.80  0.76  0.81  0.81  0.81  0.85  0.79  0.72  0.74  0.76  0.87  0.88  0.80  0.78  0.75  0.84  0.84  0.75  0.64  0.57 |  0.989
   30  0.50  0.57  0.61  0.77  0.86  0.87  0.80  0.76  0.82  0.85  0.85  0.82  0.76  0.68  0.60  0.72  0.76  0.70  0.64  0.82  0.88  0.84  0.81  0.84  0.95  0.96  0.87  0.91  0.93  0.96  0.90  0.79  0.83  0.83  0.79  0.77  0.90  0.93  0.86  0.69  0.81  0.88  0.87  0.90  0.81  0.77  0.79  0.75  0.72  0.75  0.68  0.58  0.59  0.63  0.79  0.86  0.83  0.85  0.84  0.92  0.91  0.78  0.65  0.58 |  0.963
   29  0.54  0.60  0.64  0.81  0.90  0.90  0.82  0.78  0.84  0.88  0.89  0.87  0.82  0.74  0.66  0.78  0.82  0.75  0.68  0.82  0.86  0.79  0.76  0.79  0.89  0.91  0.85  0.91  0.94  0.96  0.93  0.84  0.91  0.92  0.88  0.85  0.96  0.96  0.87  0.71  0.84  0.94  0.94  0.96  0.86  0.81  0.83  0.78  0.74  0.77  0.69  0.58  0.58  0.63  0.81  0.90  0.88  0.91  0.90  0.96  0.93  0.79  0.64  0.57 |  0.965
   28  0.58  0.65  0.69  0.86  0.95  0.94  0.85  0.80  0.86  0.90  0.91  0.89  0.84  0.76  0.71  0.87  0.93  0.88  0.81  0.91  0.91  0.81  0.75  0.75  0.80  0.82  0.79  0.88  0.92  0.92  0.91  0.85  0.94  0.97  0.93  0.89  0.98  0.95  0.85  0.71  0.85  0.95  0.96  0.95  0.83  0.82  0.87  0.87  0.86  0.90  0.84  0.73  0.71  0.73  0.90  0.96  0.90  0.92  0.91  0.97  0.92  0.76  0.60  0.53 |  0.979
   27  0.60  0.67  0.72  0.88  0.95  0.94  0.84  0.78  0.84  0.88  0.89  0.87  0.82  0.74  0.72  0.90  0.98  0.95  0.89  0.94  0.90  0.77  0.68  0.65  0.66  0.69  0.69  0.80  0.85  0.83  0.84  0.81  0.92  0.95  0.92  0.87  0.95  0.90  0.80  0.69  0.82  0.92  0.92  0.86  0.71  0.74  0.83  0.87  0.89  0.96  0.94  0.84  0.80  0.79  0.94  0.97  0.88  0.90  0.90  0.94  0.87  0.70  0.53  0.47 |  0.981
   26  0.60  0.67  0.71  0.86  0.92  0.90  0.79  0.72  0.78  0.81  0.82  0.80  0.76  0.69  0.70  0.89  0.98  0.97  0.92  0.92  0.88  0.77  0.69  0.66  0.65  0.69  0.73  0.84  0.88  0.83  0.85  0.83  0.92  0.94  0.88  0.81  0.87  0.81  0.72  0.65  0.76  0.84  0.83  0.74  0.58  0.64  0.77  0.84  0.90  0.97  0.96  0.87  0.81  0.78  0.91  0.91  0.80  0.83  0.84  0.86  0.78  0.60  0.44  0.39 |  0.982
   25  0.57  0.64  0.68  0.85  0.95  0.96  0.88  0.83  0.90  0.93  0.94  0.91  0.84  0.75  0.74  0.89  0.93  0.94  0.90  0.91  0.93  0.88  0.85  0.84  0.80  0.84  0.89  0.95  0.95  0.87  0.88  0.85  0.92  0.90  0.81  0.74  0.81  0.74  0.68  0.67  0.75  0.80  0.77  0.67  0.51  0.60  0.75  0.84  0.89  0.92  0.90  0.82  0.75  0.71  0.82  0.83  0.72  0.75  0.79  0.79  0.69  0.51  0.35  0.31 |  0.962
   24  0.53  0.59  0.63  0.80  0.91  0.94  0.88  0.85  0.92  0.95  0.97  0.97  0.92  0.83  0.82  0.92  0.91  0.91  0.87  0.85  0.92  0.93  0.94  0.95  0.89  0.91  0.96  0.97  0.92  0.81  0.81  0.80  0.83  0.80  0.73  0.69  0.78  0.76  0.75  0.80  0.85  0.86  0.80  0.68  0.51  0.61  0.75  0.83  0.85  0.81  0.80  0.74  0.67  0.66  0.81  0.84  0.77  0.83  0.89  0.87  0.76  0.56  0.40  0.34 |  0.971
   23  0.46  0.52  0.54  0.69  0.81  0.84  0.79  0.77  0.83  0.85  0.91  0.96  0.95  0.88  0.90  0.94  0.88  0.87  0.80  0.74  0.85  0.92  0.97  0.98  0.89  0.91  0.95  0.95  0.90  0.80  0.83  0.85  0.87  0.83  0.79  0.76  0.85  0.82  0.81  0.89  0.92  0.89  0.82  0.69  0.53  0.63  0.75  0.81  0.82  0.77  0.79  0.77  0.71  0.73  0.88  0.92  0.85  0.89  0.90  0.85  0.72  0.53  0.37  0.30 |  0.980
   22  0.49  0.57  0.60  0.73  0.83  0.85  0.81  0.77  0.80  0.80  0.85  0.91  0.90  0.83  0.87  0.93  0.90  0.91  0.84  0.74  0.87  0.94  0.97  0.94  0.82  0.82  0.86  0.86  0.83  0.76  0.84  0.90  0.91  0.88  0.85  0.85  0.91  0.86  0.85  0.93  0.96  0.94  0.89  0.78  0.65  0.76  0.86  0.89  0.86  0.77  0.79  0.77  0.71  0.76  0.90  0.93  0.86  0.90  0.93  0.89  0.78  0.61  0.46  0.38 |  0.971
   21  0.53  0.62  0.67  0.80  0.90  0.94  0.91  0.88  0.88  0.84  0.89  0.94  0.91  0.82  0.88  0.95  0.91  0.92  0.84  0.71  0.84  0.92  0.92  0.86  0.72  0.69  0.73  0.73  0.72  0.67  0.79  0.90  0.91  0.88  0.89  0.90  0.93  0.86  0.84  0.91  0.95  0.95  0.91  0.84  0.74  0.85  0.92  0.93  0.87  0.74  0.76  0.74  0.68  0.74  0.86  0.88  0.80  0.84  0.87  0.85  0.77  0.63  0.50  0.41 |  0.947
   20  0.51  0.61  0.67  0.80  0.92  0.98  0.99  0.97  0.95  0.89  0.93  0.97  0.92  0.83  0.89  0.96  0.92  0.90  0.80  0.64  0.77  0.87  0.90  0.86  0.75  0.74  0.78  0.79  0.77  0.73  0.84  0.93  0.93  0.90  0.92  0.92  0.93  0.85  0.81  0.88  0.92  0.93  0.91  0.87  0.81  0.91  0.95  0.92  0.83  0.67  0.69  0.67  0.66  0.78  0.90  0.93  0.87  0.91  0.94  0.92  0.84  0.71  0.56  0.42 |  0.986
   19  0.45  0.55  0.63  0.75  0.85  0.92  0.96  0.95  0.91  0.84  0.86  0.90  0.85  0.76  0.84  0.93  0.91  0.89  0.77  0.60  0.71  0.85  0.92  0.91  0.83  0.84  0.89  0.90  0.89  0.84  0.93  1.00  0.98  0.93  0.95  0.92  0.96  0.90  0.88  0.95  0.99  1.01  0.99  0.94  0.87  0.94  0.95  0.91  0.80  0.62  0.63  0.62  0.65  0.79  0.89  0.90  0.84  0.88  0.90  0.89  0.82  0.71  0.56  0.37 |  1.007
   18  0.49  0.60  0.69  0.77  0.83  0.86  0.86  0.83  0.77  0.68  0.70  0.74  0.69  0.62  0.74  0.90  0.96  0.95  0.84  0.68  0.75  0.90  0.96  0.95  0.86  0.85  0.90  0.92  0.91  0.87  0.94  1.00  0.96  0.91  0.94  0.90  0.95  0.92  0.92  1.00  1.04  1.05  1.03  0.98  0.91  0.94  0.98  0.95  0.84  0.67  0.69  0.67  0.73  0.87  0.94  0.92  0.85  0.89  0.90  0.87  0.80  0.68  0.51  0.29 |  1.052
   17  0.50  0.61  0.70  0.76  0.79  0.80  0.78  0.74  0.67  0.58  0.59  0.62  0.57  0.50  0.65  0.83  0.93  0.92  0.83  0.68  0.72  0.85  0.91  0.89  0.80  0.77  0.83  0.85  0.85  0.81  0.87  0.91  0.88  0.83  0.88  0.84  0.92  0.91  0.93  1.01  1.05  1.07  1.05  0.99  0.91  0.90  0.94  0.92  0.82  0.64  0.66  0.65  0.73  0.86  0.91  0.87  0.80  0.83  0.83  0.79  0.70  0.57  0.39  0.16 |  1.065
   16  0.47  0.58  0.66  0.72  0.77  0.83  0.86  0.85  0.81  0.75  0.76  0.77  0.72  0.63  0.74  0.88  0.93  0.89  0.76  0.62  0.62  0.76  0.83  0.83  0.77  0.73  0.79  0.81  0.81  0.78  0.82  0.84  0.79  0.75  0.80  0.76  0.85  0.88  0.92  0.99  1.04  1.05  1.03  0.98  0.90  0.82  0.86  0.82  0.72  0.54  0.56  0.55  0.66  0.78  0.81  0.77  0.71  0.74  0.73  0.68  0.58  0.44  0.26  0.03 |  1.048
   15  0.41  0.50  0.57  0.62  0.69  0.80  0.88  0.91  0.91  0.88  0.89  0.89  0.83  0.73  0.82  0.94  0.97  0.91  0.76  0.63  0.64  0.80  0.89  0.91  0.85  0.81  0.88  0.91  0.90  0.87  0.87  0.84  0.75  0.68  0.71  0.65  0.76  0.82  0.87  0.95  0.99  1.00  0.98  0.93  0.85  0.78  0.84  0.83  0.74  0.58  0.61  0.60  0.71  0.84  0.88  0.83  0.77  0.81  0.79  0.74  0.63  0.48  0.28  0.04 |  0.999
   14  0.34  0.41  0.47  0.51  0.59  0.74  0.85  0.91  0.94  0.93  0.94  0.93  0.86  0.76  0.83  0.95  0.98  0.92  0.77  0.68  0.69  0.86  0.96  0.97  0.91  0.87  0.93  0.96  0.96  0.93  0.88  0.80  0.68  0.58  0.58  0.51  0.64  0.73  0.81  0.87  0.91  0.92  0.90  0.86  0.79  0.72  0.81  0.81  0.75  0.62  0.64  0.63  0.75  0.88  0.92  0.87  0.80  0.84  0.83  0.77  0.66  0.50  0.29  0.04 |  0.976
   13  0.38  0.45  0.51  0.54  0.62  0.78  0.89  0.96  0.97  0.93  0.90  0.88  0.81  0.72  0.77  0.88  0.91  0.86  0.74  0.69  0.70  0.88  0.97  0.99  0.93  0.89  0.95  0.99  0.99  0.95  0.90  0.85  0.76  0.67  0.65  0.57  0.69  0.78  0.82  0.83  0.80  0.81  0.79  0.75  0.69  0.64  0.74  0.76  0.72  0.61  0.64  0.63  0.75  0.88  0.92  0.87  0.81  0.84  0.83  0.77  0.66  0.50  0.30  0.04 |  0.990
   12  0.34  0.41  0.45  0.47  0.53  0.70  0.82  0.88  0.89  0.84  0.83  0.83  0.81  0.76  0.79  0.88  0.89  0.84  0.71  0.66  0.67  0.85  0.95  0.97  0.91  0.88  0.95  0.98  0.98  0.94  0.91  0.92  0.87  0.80  0.77  0.67  0.79  0.88  0.93  0.92  0.85  0.88  0.88  0.85  0.80  0.76  0.85  0.86  0.82  0.71  0.70  0.64  0.73  0.86  0.90  0.85  0.79  0.82  0.81  0.75  0.64  0.49  0.29  0.04 |  0.978
   11  0.41  0.49  0.53  0.55  0.62  0.79  0.90  0.95  0.94  0.87  0.84  0.86  0.84  0.79  0.81  0.88  0.87  0.79  0.64  0.60  0.61  0.78  0.88  0.91  0.87  0.84  0.90  0.94  0.93  0.90  0.88  0.94  0.93  0.88  0.84  0.71  0.83  0.93  0.97  0.95  0.86  0.90  0.92  0.91  0.87  0.83  0.90  0.91  0.91  0.85  0.83  0.74  0.80  0.91  0.92  0.84  0.74  0.77  0.76  0.70  0.60  0.46  0.27  0.04 |  0.971
   10  0.46  0.55  0.60  0.62  0.69  0.85  0.96  0.99  0.97  0.88  0.84  0.86  0.84  0.84  0.89  0.96  0.95  0.87  0.72  0.66  0.65  0.78  0.83  0.81  0.78  0.77  0.83  0.86  0.86  0.82  0.83  0.92  0.94  0.91  0.85  0.71  0.80  0.91  0.95  0.91  0.81  0.86  0.89  0.90  0.88  0.85  0.90  0.89  0.93  0.91  0.88  0.77  0.79  0.89  0.89  0.79  0.66  0.69  0.68  0.63  0.54  0.41  0.24  0.03 |  0.993
    9  0.47  0.56  0.62  0.64  0.70  0.85  0.94  0.97  0.93  0.84  0.79  0.81  0.79  0.84  0.92  0.99  0.99  0.90  0.75  0.69  0.69  0.79  0.82  0.77  0.78  0.79  0.84  0.86  0.86  0.82  0.82  0.92  0.95  0.91  0.81  0.65  0.72  0.82  0.85  0.81  0.69  0.75  0.80  0.82  0.82  0.81  0.82  0.80  0.87  0.90  0.86  0.73  0.72  0.81  0.80  0.69  0.55  0.58  0.57  0.53  0.45  0.34  0.20  0.03 |  0.989
    8  0.45  0.53  0.58  0.60  0.66  0.79  0.87  0.88  0.84  0.75  0.70  0.72  0.70  0.79  0.89  0.95  0.94  0.86  0.71  0.68  0.72  0.82  0.85  0.80  0.85  0.90  0.94  0.95  0.93  0.88  0.86  0.95  0.96  0.88  0.77  0.64  0.72  0.83  0.88  0.84  0.73  0.80  0.86  0.89  0.89  0.86  0.81  0.74  0.79  0.82  0.76  0.62  0.59  0.66  0.64  0.56  0.42  0.44  0.43  0.40  0.34  0.26  0.15  0.02 |  0.955
    7  0.56  0.66  0.72  0.75  0.79  0.88  0.91  0.88  0.79  0.64  0.57  0.58  0.57  0.69  0.81  0.86  0.85  0.78  0.65  0.66  0.72  0.81  0.83  0.77  0.86  0.93  0.96  0.97  0.94  0.87  0.84  0.91  0.90  0.80  0.71  0.62  0.71  0.85  0.91  0.89  0.80  0.87  0.94  0.97  0.97  0.94  0.88  0.79  0.86  0.88  0.82  0.67  0.59  0.61  0.56  0.43  0.26  0.27  0.27  0.25  0.21  0.16  0.09  0.01 |  0.968
    6  0.59  0.70  0.77  0.80  0.83  0.93  0.96  0.93  0.83  0.67  0.60  0.61  0.59  0.73  0.86  0.92  0.91  0.83  0.71  0.76  0.83  0.89  0.86  0.76  0.83  0.89  0.91  0.90  0.86  0.79  0.75  0.80  0.78  0.68  0.61  0.57  0.66  0.81  0.89  0.90  0.83  0.91  0.98  1.01  1.01  0.98  0.92  0.83  0.90  0.92  0.86  0.70  0.58  0.54  0.44  0.27  0.07  0.08  0.07  0.07  0.06  0.04  0.03  0.00 |  1.014
    5  0.55  0.65  0.72  0.74  0.77  0.87  0.91  0.88  0.80  0.65  0.58  0.58  0.56  0.71  0.85  0.92  0.91  0.83  0.74  0.82  0.91  0.92  0.85  0.70  0.75  0.79  0.80  0.79  0.74  0.67  0.62  0.65  0.61  0.51  0.46  0.47  0.57  0.74  0.84  0.87  0.84  0.93  0.99  1.02  1.03  1.00  0.93  0.84  0.91  0.93  0.86  0.70  0.56  0.50  0.39  0.21  0.00  0.00  0.00  0.00  0.00  0.00  0.00  0.00 |  1.026
    4  0.49  0.58  0.64  0.66  0.68  0.78  0.82  0.81  0.74  0.61  0.55  0.55  0.53  0.68  0.83  0.90  0.90  0.82  0.75  0.85  0.95  0.96  0.90  0.76  0.81  0.85  0.86  0.85  0.86  0.82  0.79  0.79  0.73  0.61  0.55  0.56  0.65  0.82  0.91  0.95  0.92  0.96  0.97  1.00  1.00  0.97  0.91  0.82  0.88  0.90  0.83  0.68  0.54  0.48  0.37  0.20  0.00  0.00  0.00  0.00  0.00  0.00  0.00  0.00 |  1.004
    3  0.52  0.62  0.68  0.71  0.73  0.85  0.91  0.90  0.83  0.70  0.64  0.64  0.62  0.76  0.89  0.94  0.92  0.82  0.73  0.84  0.94  0.96  0.91  0.77  0.82  0.86  0.88  0.88  0.92  0.92  0.90  0.87  0.78  0.63  0.56  0.56  0.65  0.81  0.91  0.96  0.94  0.95  0.92  0.95  0.95  0.92  0.86  0.78  0.83  0.84  0.77  0.62  0.49  0.44  0.34  0.18  0.00  0.00  0.00  0.00  0.00  0.00  0.00  0.00 |  0.964
    2  0.52  0.62  0.68  0.71  0.73  0.86  0.93  0.93  0.86  0.73  0.67  0.68  0.65  0.78  0.89  0.93  0.89  0.78  0.69  0.79  0.89  0.92  0.87  0.74  0.79  0.83  0.85  0.85  0.92  0.95  0.93  0.86  0.74  0.58  0.49  0.49  0.57  0.73  0.83  0.90  0.92  0.89  0.83  0.86  0.86  0.83  0.78  0.70  0.74  0.74  0.68  0.54  0.42  0.37  0.29  0.15  0.00  0.00  0.00  0.00  0.00  0.00  0.00  0.00 |  0.947
    1  0.49  0.58  0.64  0.66  0.69  0.82  0.88  0.89  0.83  0.71  0.65  0.66  0.63  0.74  0.84  0.86  0.82  0.70  0.62  0.71  0.80  0.83  0.79  0.67  0.72  0.76  0.77  0.78  0.86  0.90  0.90  0.85  0.75  0.61  0.53  0.53  0.60  0.72  0.80  0.84  0.83  0.79  0.71  0.74  0.74  0.71  0.67  0.60  0.62  0.61  0.54  0.42  0.32  0.29  0.22  0.12  0.00  0.00  0.00  0.00  0.00  0.00  0.00  0.00 |  0.902
    0  0.42  0.50  0.55  0.57  0.59  0.71  0.77  0.77  0.72  0.62  0.57  0.58  0.56  0.65  0.72  0.74  0.69  0.59  0.51  0.59  0.67  0.69  0.66  0.57  0.61  0.64  0.65  0.66  0.74  0.79  0.79  0.76  0.68  0.56  0.50  0.50  0.55  0.64  0.69  0.71  0.69  0.64  0.56  0.58  0.58  0.56  0.53  0.47  0.47  0.44  0.38  0.28  0.20  0.18  0.13  0.07  0.00  0.00  0.00  0.00  0.00  0.00  0.00  0.00 |  0.792

Stats: avg=0.7899  max=1.0653  over-target bins=1049 / 4096
