[Iter 1000]
sb0 188.571470 75.648933 224.571470 91.648933
sb1 64.361798 77.447806 83.361798 116.447806
sb2 96.316182 5.176721 137.316182 40.176721
sb3 244.626389 120.331377 262.626389 167.331377
sb4 19.576503 107.665581 45.576503 139.665581
sb5 193.412668 154.487149 228.412668 185.487149
sb6 134.804963 149.089172 163.804963 162.089172
sb7 49.202218 133.865299 77.202218 154.865299
sb8 41.878597 201.374392 73.878597 216.374392
sb9 41.476578 128.269942 87.476578 162.269942
sb10 0.000000 159.527777 45.000000 191.527777
sb11 132.542430 4.261793 146.542430 40.261793
sb12 55.431907 84.981530 91.431907 126.981530
sb13 62.735071 1.512754 110.735071 46.512754
sb14 79.217380 183.194446 94.217380 208.194446
sb15 70.748269 176.823496 115.748269 222.823496
sb16 193.260117 54.366767 211.260117 76.366767
sb17 86.780593 116.448756 119.780593 142.448756
sb18 142.997277 0.623500 176.997277 19.623500
sb19 84.070107 91.773709 114.070107 103.773709
sb20 232.043527 169.766956 260.043527 202.766956
sb21 159.445341 66.012556 203.445341 105.012556
sb22 86.790151 159.136377 112.790151 198.136377
sb23 41.050983 170.446257 81.050983 195.446257
sb24 161.760564 27.357192 186.760564 42.357192
sb25 182.684501 19.008998 218.684501 55.008998
sb26 1.284754 130.340742 44.284754 155.340742
sb27 0.000000 231.233623 34.000000 246.233623
sb28 121.447995 82.275192 167.447995 120.275192
sb29 58.579929 83.202388 70.579929 120.202388
sb30 166.930156 172.875051 183.930156 199.875051
sb31 115.266065 182.895625 152.266065 198.895625
sb32 59.816011 134.184508 82.816011 166.184508
sb33 102.823911 96.426233 120.823911 132.426233
sb34 205.844080 41.956882 224.844080 79.956882
sb35 214.559345 106.509976 229.559345 139.509976
sb36 201.895323 172.946805 229.895323 184.946805
sb37 166.593640 153.548480 182.593640 174.548480
sb38 195.749512 190.273009 228.749512 216.273009
sb39 120.243720 32.446629 150.243720 74.446629
sb40 87.970575 53.501355 115.970575 94.501355
sb41 42.517114 56.411047 58.517114 72.411047
sb42 84.669146 92.156441 103.669146 136.156441
sb43 211.224404 141.757561 251.224404 175.757561
sb44 77.760151 152.529582 104.760151 168.529582
sb45 93.725497 166.185749 107.725497 203.185749
sb46 206.687815 19.021031 254.687815 34.021031
sb47 103.022708 151.912274 126.022708 165.912274
sb48 160.242528 92.808851 184.242528 118.808851
sb49 12.142343 48.534835 52.142343 79.534835
sb50 84.512474 39.476799 117.512474 81.476799
sb51 164.728384 142.168565 191.728384 190.168565
sb52 129.045079 157.902505 156.045079 194.902505
sb53 160.979178 154.608161 177.979178 172.608161
sb54 164.456108 165.944631 207.456108 181.944631
sb55 171.637421 0.000000 184.637421 46.000000
sb56 199.485801 156.064388 221.485801 181.064388
sb57 143.242634 91.123045 162.242634 139.123045
sb58 0.000000 155.898533 19.000000 196.898533
sb59 76.792605 122.194920 122.792605 168.194920
sb60 119.436815 88.528832 149.436815 123.528832
sb61 118.841744 198.023705 151.841744 232.023705
sb62 114.324937 0.000000 151.324937 45.000000
sb63 167.996934 58.901413 182.996934 93.901413
sb64 90.817245 34.552746 137.817245 82.552746
sb65 160.388346 115.189828 190.388346 148.189828
sb66 114.276175 122.982228 145.276175 153.982228
sb67 221.950000 39.760651 265.950000 76.760651
sb68 139.398923 2.666189 174.398923 26.666189
sb69 205.979923 92.375080 224.979923 130.375080
sb70 32.106097 97.186485 68.106097 111.186485
sb71 187.905152 187.336648 229.905152 221.336648
sb72 214.958300 139.608376 248.958300 172.608376
sb73 0.000000 105.906529 18.000000 143.906529
sb74 132.541423 75.902599 161.541423 93.902599
sb75 115.705878 172.401189 138.705878 199.401189
sb76 163.672079 85.167427 177.672079 97.167427
sb77 58.983809 231.221157 82.983809 247.221157
sb78 112.065324 75.889262 138.065324 118.889262
sb79 181.005986 144.594862 200.005986 181.594862
sb80 151.212582 42.647518 165.212582 57.647518
sb81 70.048466 207.332129 102.048466 227.332129
sb82 124.336841 47.324168 156.336841 80.324168
sb83 142.941396 155.501482 161.941396 192.501482
sb84 187.810668 190.196361 230.810668 227.196361
sb85 157.237530 180.015370 205.237530 217.015370
sb86 180.071562 107.059326 204.071562 131.059326
sb87 183.618044 76.584447 228.618044 95.584447
sb88 189.366432 63.983632 217.366432 106.983632
sb89 21.365268 143.871286 33.365268 178.871286
sb90 0.000000 76.746874 45.000000 100.746874
sb91 58.490357 183.927790 102.490357 211.927790
sb92 92.919437 130.368889 134.919437 154.368889
sb93 84.798869 21.818025 127.798869 42.818025
sb94 70.979007 169.989919 85.979007 185.989919
sb95 53.090082 62.126638 89.090082 87.126638
sb96 144.941793 105.876251 169.941793 150.876251
sb97 90.639777 149.536972 115.639777 177.536972
sb98 37.810771 159.450491 53.810771 185.450491
sb99 0.000000 195.306952 37.000000 215.306952
sb100 159.714331 208.785685 186.714331 233.785685
sb101 97.970711 172.778127 137.970711 220.778127
sb102 187.269888 79.281735 212.269888 117.281735
sb103 158.788685 192.445094 190.788685 224.445094
sb104 129.156412 59.744551 165.156412 84.744551
sb105 95.261917 234.442568 137.261917 265.442568
sb106 111.604103 205.683405 145.604103 244.683405
sb107 8.268551 119.988239 53.268551 135.988239
sb108 128.977198 143.674231 161.977198 155.674231
sb109 176.037270 100.570384 188.037270 122.570384
sb110 0.588507 214.504541 44.588507 237.504541
sb111 174.119556 125.759386 192.119556 138.759386
sb112 161.903739 59.727892 179.903739 105.727892
sb113 222.794042 77.896506 265.794042 105.896506
sb114 59.295005 148.496388 98.295005 167.496388
sb115 56.798078 84.620838 93.798078 114.620838
sb116 129.417124 205.244965 166.417124 247.244965
sb117 83.750682 228.950000 107.750682 265.950000
sb118 221.935498 94.139828 260.935498 129.139828
sb119 187.652387 145.626365 211.652387 181.626365
sb120 54.523480 128.821273 69.523480 173.821273
sb121 205.361430 180.290147 237.361430 225.290147
sb122 34.754829 185.173995 77.754829 215.173995
sb123 112.215568 160.116303 125.215568 195.116303
sb124 161.793548 98.910574 174.793548 137.910574
sb125 40.496246 70.685329 58.496246 98.685329
sb126 50.633494 112.569461 88.633494 140.569461
sb127 26.526017 143.398003 50.526017 165.398003
sb128 118.659759 173.935867 154.659759 198.935867
sb129 181.456184 14.099862 225.456184 60.099862
sb130 107.667665 84.891637 151.667665 129.891637
sb131 48.510183 30.544466 84.510183 50.544466
sb132 165.545706 146.323144 203.545706 162.323144
sb133 163.433499 138.362570 177.433499 150.362570
sb134 161.607938 105.265286 190.607938 121.265286
sb135 160.171001 195.017584 175.171001 232.017584
sb136 196.718541 129.849624 220.718541 148.849624
sb137 126.682996 155.582115 148.682996 173.582115
sb138 79.249417 107.668525 109.249417 129.668525
sb139 10.227758 115.127566 43.227758 146.127566
sb140 115.257869 133.297701 127.257869 149.297701
sb141 141.887105 97.293354 166.887105 131.293354
sb142 138.648098 199.274937 165.648098 245.274937
sb143 137.767880 31.403373 183.767880 75.403373
sb144 49.583543 105.312342 74.583543 134.312342
sb145 99.620631 53.000372 144.620631 87.000372
sb146 197.394597 118.676220 230.394597 152.676220
sb147 47.614609 120.912758 59.614609 151.912758
sb148 173.292048 185.956278 190.292048 210.956278
sb149 56.105970 171.555583 78.105970 193.555583
sb150 140.781774 169.577113 153.781774 199.577113
sb151 188.512251 0.000000 204.512251 27.000000
sb152 64.223286 47.612570 97.223286 80.612570
sb153 20.445997 253.603014 60.445997 265.603014
sb154 37.098416 220.389923 79.098416 264.389923
sb155 104.542731 97.709215 116.542731 110.709215
sb156 40.310168 86.224269 59.310168 128.224269
sb157 143.914332 34.792558 185.914332 46.792558
sb158 185.131027 100.299226 213.131027 117.299226
sb159 123.326389 102.163537 147.326389 138.163537
sb160 144.151915 128.215197 156.151915 164.215197
sb161 45.802424 166.128926 64.802424 197.128926
sb162 113.841543 100.295991 143.841543 112.295991
sb163 219.950000 32.677979 265.950000 79.677979
sb164 164.373028 121.591083 196.373028 148.591083
sb165 7.420622 85.181913 48.420622 118.181913
sb166 125.005144 245.065770 161.005144 257.065770
sb167 122.252441 134.364819 169.252441 148.364819
sb168 163.886961 75.223160 200.886961 100.223160
sb169 156.611728 115.587976 202.611728 143.587976
sb170 76.887725 99.756960 98.887725 144.756960
sb171 186.087154 111.840514 221.087154 145.840514
sb172 10.004312 31.759997 41.004312 56.759997
sb173 159.982886 56.417938 201.982886 78.417938
sb174 239.980953 121.643818 264.980953 141.643818
sb175 117.258145 194.236430 151.258145 206.236430
sb176 43.288158 149.649432 63.288158 165.649432
sb177 83.918691 106.601165 104.918691 137.601165
sb178 160.239505 150.864643 180.239505 166.864643
sb179 33.852070 171.405729 78.852070 212.405729
sb180 149.375158 166.572206 168.375158 187.572206
sb181 206.891036 163.218117 221.891036 205.218117
sb182 77.096932 145.770790 110.096932 157.770790
sb183 191.584809 82.892251 228.584809 98.892251
sb184 34.056654 52.929719 54.056654 71.929719
sb185 165.071832 26.395451 178.071832 70.395451
sb186 140.443826 194.187501 153.443826 242.187501
sb187 146.816210 86.054962 168.816210 110.054962
sb188 115.480131 142.232995 139.480131 182.232995
sb189 0.000000 94.395367 31.000000 114.395367
sb190 13.123173 134.813951 50.123173 168.813951
sb191 220.787071 107.731385 262.787071 144.731385
sb192 87.359620 73.135027 109.359620 101.135027
sb193 55.130309 42.289986 97.130309 85.289986
sb194 221.764179 66.106817 263.764179 109.106817
sb195 145.609345 14.050157 170.609345 50.050157
sb196 110.651760 146.977493 149.651760 162.977493
sb197 136.602714 149.125212 183.602714 184.125212
sb198 59.125246 34.830535 81.125246 74.830535
sb199 106.295059 203.262780 140.295059 243.262780

[Iter 2000]
sb0 196.113384 81.105442 232.113384 97.105442
sb1 54.809219 79.849450 73.809219 118.849450
sb2 79.611879 1.677103 120.611879 36.677103
sb3 247.950000 133.659598 265.950000 180.659598
sb4 19.732668 106.744262 45.732668 138.744262
sb5 202.053723 158.613911 237.053723 189.613911
sb6 115.835837 142.290635 144.835837 155.290635
sb7 33.636568 153.683914 61.636568 174.683914
sb8 37.992252 201.239050 69.992252 216.239050
sb9 21.140736 135.503693 67.140736 169.503693
sb10 0.000000 157.824704 45.000000 189.824704
sb11 116.944690 0.799436 130.944690 36.799436
sb12 54.664448 92.876471 90.664448 134.876471
sb13 36.357490 0.883751 84.357490 45.883751
sb14 93.368270 192.468670 108.368270 217.468670
sb15 64.950274 192.010446 109.950274 238.010446
sb16 191.768154 43.966141 209.768154 65.966141
sb17 98.857548 145.032280 131.857548 171.032280
sb18 137.178357 0.000000 171.178357 19.000000
sb19 134.786035 124.850000 164.786035 136.850000
sb20 237.942385 167.951355 265.942385 200.951355
sb21 146.025086 52.152244 190.025086 91.152244
sb22 99.517381 162.677203 125.517381 201.677203
sb23 28.783067 175.462520 68.783067 200.462520
sb24 146.119983 53.576040 171.119983 68.576040
sb25 187.322553 6.853535 223.322553 42.853535
sb26 0.000000 133.165266 43.000000 158.165266
sb27 0.000000 237.520010 34.000000 252.520010
sb28 137.447282 76.067768 183.447282 114.067768
sb29 59.565042 87.306475 71.565042 124.306475
sb30 167.247675 129.926658 184.247675 156.926658
sb31 124.859170 190.960384 161.859170 206.960384
sb32 75.458663 167.186980 98.458663 199.186980
sb33 116.280810 74.956253 134.280810 110.956253
sb34 195.972966 33.321386 214.972966 71.321386
sb35 174.477289 91.864336 189.477289 124.864336
sb36 203.828007 183.405080 231.828007 195.405080
sb37 190.012292 156.847334 206.012292 177.847334
sb38 187.980334 207.036859 220.980334 233.036859
sb39 93.073583 7.296800 123.073583 49.296800
sb40 61.059458 45.708211 89.059458 86.708211
sb41 71.222625 32.627188 87.222625 48.627188
sb42 87.792689 88.413666 106.792689 132.413666
sb43 222.515580 141.629712 262.515580 175.629712
sb44 71.283466 163.305842 98.283466 179.305842
sb45 106.475779 166.783913 120.475779 203.783913
sb46 194.094866 0.000000 242.094866 15.000000
sb47 112.821230 164.206582 135.821230 178.206582
sb48 174.846404 95.101102 198.846404 121.101102
sb49 0.258512 39.878498 40.258512 70.878498
sb50 64.860978 44.248614 97.860978 86.248614
sb51 196.411771 141.355162 223.411771 189.355162
sb52 163.571891 168.023191 190.571891 205.023191
sb53 166.147709 166.142993 183.147709 184.142993
sb54 158.110368 149.074022 201.110368 165.074022
sb55 175.654057 3.528596 188.654057 49.528596
sb56 208.471143 152.926662 230.471143 177.926662
sb57 152.849653 76.590359 171.849653 124.590359
sb58 0.000000 165.273430 19.000000 206.273430
sb59 62.933821 138.090569 108.933821 184.090569
sb60 128.981025 84.295480 158.981025 119.295480
sb61 125.279004 213.349066 158.279004 247.349066
sb62 123.359648 0.000000 160.359648 45.000000
sb63 183.064177 36.143554 198.064177 71.143554
sb64 92.116540 22.657803 139.116540 70.657803
sb65 176.872435 112.828444 206.872435 145.828444
sb66 99.910409 121.417328 130.910409 152.417328
sb67 221.950000 21.534495 265.950000 58.534495
sb68 147.895883 0.000000 182.895883 24.000000
sb69 196.042625 100.963833 215.042625 138.963833
sb70 37.882594 91.618160 73.882594 105.618160
sb71 190.551542 189.773910 232.551542 223.773910
sb72 196.855444 131.920266 230.855444 164.920266
sb73 0.000000 107.036487 18.000000 145.036487
sb74 133.269728 62.995150 162.269728 80.995150
sb75 130.641718 171.028099 153.641718 198.028099
sb76 172.807023 70.265947 186.807023 82.265947
sb77 62.309289 249.845777 86.309289 265.845777
sb78 102.327092 64.115450 128.327092 107.115450
sb79 192.012460 155.316529 211.012460 192.316529
sb80 160.089307 29.561263 174.089307 44.561263
sb81 88.584263 210.687084 120.584263 230.687084
sb82 130.863139 32.346396 162.863139 65.346396
sb83 182.469010 169.298594 201.469010 206.298594
sb84 209.980408 200.051919 252.980408 237.051919
sb85 173.054314 188.748935 221.054314 225.748935
sb86 173.605647 75.104575 197.605647 99.104575
sb87 178.145997 59.223321 223.145997 78.223321
sb88 200.743028 58.383913 228.743028 101.383913
sb89 16.236178 154.092639 28.236178 189.092639
sb90 0.000000 82.796516 45.000000 106.796516
sb91 74.057044 196.509581 118.057044 224.509581
sb92 73.854352 154.722275 115.854352 178.722275
sb93 69.815703 6.215976 112.815703 27.215976
sb94 79.875128 195.628454 94.875128 211.628454
sb95 41.836780 82.997587 77.836780 107.997587
sb96 119.417997 85.566262 144.417997 130.566262
sb97 116.836674 135.164753 141.836674 163.164753
sb98 48.949306 157.848901 64.949306 183.848901
sb99 0.000000 198.480812 37.000000 218.480812
sb100 167.808209 217.983770 194.808209 242.983770
sb101 113.169513 168.850252 153.169513 216.850252
sb102 203.060122 78.987881 228.060122 116.987881
sb103 159.630260 184.057567 191.630260 216.057567
sb104 104.485563 47.084684 140.485563 72.084684
sb105 99.154516 234.950000 141.154516 265.950000
sb106 113.357561 212.614534 147.357561 251.614534
sb107 4.489213 111.070465 49.489213 127.070465
sb108 125.195569 156.207766 158.195569 168.207766
sb109 157.396270 104.430459 169.396270 126.430459
sb110 0.000000 216.621563 44.000000 239.621563
sb111 166.680789 124.576941 184.680789 137.576941
sb112 165.057744 37.592470 183.057744 83.592470
sb113 222.950000 57.682399 265.950000 85.682399
sb114 68.005155 172.192170 107.005155 191.192170
sb115 64.747517 102.074177 101.747517 132.074177
sb116 142.823751 213.311946 179.823751 255.311946
sb117 83.680671 228.950000 107.680671 265.950000
sb118 226.950000 117.423151 265.950000 152.423151
sb119 175.784380 117.002882 199.784380 153.002882
sb120 58.255182 119.641923 73.255182 164.641923
sb121 229.154460 181.918971 261.154460 226.918971
sb122 32.830282 176.623691 75.830282 206.623691
sb123 107.483105 174.452102 120.483105 209.452102
sb124 136.697467 146.245068 149.697467 185.245068
sb125 36.689117 54.392579 54.689117 82.392579
sb126 48.385435 133.368730 86.385435 161.368730
sb127 29.049936 119.227229 53.049936 141.227229
sb128 133.669379 121.706326 169.669379 146.706326
sb129 177.770493 0.000000 221.770493 46.000000
sb130 87.457724 71.930398 131.457724 116.930398
sb131 40.494559 16.858607 76.494559 36.858607
sb132 170.278024 84.804593 208.278024 100.804593
sb133 175.636672 140.767131 189.636672 152.767131
sb134 140.216181 95.712498 169.216181 111.712498
sb135 171.130487 212.715699 186.130487 249.715699
sb136 207.930722 113.720011 231.930722 132.720011
sb137 120.545893 158.394901 142.545893 176.394901
sb138 73.971415 134.709430 103.971415 156.709430
sb139 3.336775 107.190818 36.336775 138.190818
sb140 125.521849 119.201856 137.521849 135.201856
sb141 116.994597 100.971696 141.994597 134.971696
sb142 147.478649 207.672804 174.478649 253.672804
sb143 138.201670 22.921409 184.201670 66.921409
sb144 66.672794 117.054002 91.672794 146.054002
sb145 91.271065 38.678445 136.271065 72.678445
sb146 206.575444 115.114347 239.575444 149.114347
sb147 45.085722 134.148237 57.085722 165.148237
sb148 152.999538 173.771372 169.999538 198.771372
sb149 62.918746 208.970641 84.918746 230.970641
sb150 149.503405 124.488190 162.503405 154.488190
sb151 129.305668 0.088458 145.305668 27.088458
sb152 32.852172 50.127311 65.852172 83.127311
sb153 9.677598 253.893708 49.677598 265.893708
sb154 36.898698 221.950000 78.898698 265.950000
sb155 107.778946 86.413242 119.778946 99.413242
sb156 38.206066 99.966353 57.206066 141.966353
sb157 143.296083 13.523482 185.296083 25.523482
sb158 180.543410 91.561713 208.543410 108.561713
sb159 75.656562 78.539624 99.656562 114.539624
sb160 149.838924 120.195089 161.838924 156.195089
sb161 38.657747 189.629497 57.657747 220.629497
sb162 102.375771 120.422528 132.375771 132.422528
sb163 219.950000 15.856311 265.950000 62.856311
sb164 146.110372 107.751344 178.110372 134.751344
sb165 8.433813 80.673585 49.433813 113.673585
sb166 135.636609 253.856496 171.636609 265.856496
sb167 103.744658 136.320001 150.744658 150.320001
sb168 183.591560 56.895172 220.591560 81.895172
sb169 142.738372 147.140609 188.738372 175.140609
sb170 87.927423 102.511661 109.927423 147.511661
sb171 183.752497 105.121299 218.752497 139.121299
sb172 10.368584 15.576128 41.368584 40.576128
sb173 223.950000 84.650981 265.950000 106.650981
sb174 240.950000 100.177877 265.950000 120.177877
sb175 127.722982 191.901723 161.722982 203.901723
sb176 36.691254 170.797696 56.691254 186.797696
sb177 102.587087 108.825975 123.587087 139.825975
sb178 141.791882 158.546183 161.791882 174.546183
sb179 36.476034 186.104282 81.476034 227.104282
sb180 163.778380 166.461515 182.778380 187.461515
sb181 220.837750 156.088356 235.837750 198.088356
sb182 83.309686 145.601848 116.309686 157.601848
sb183 208.700877 92.217081 245.700877 108.217081
sb184 22.627467 53.743671 42.627467 72.743671
sb185 142.063412 40.233666 155.063412 84.233666
sb186 154.769623 208.079772 167.769623 256.079772
sb187 135.626302 76.466864 157.626302 100.466864
sb188 121.303236 182.266144 145.303236 222.266144
sb189 0.000000 70.684207 31.000000 90.684207
sb190 2.137635 135.303430 39.137635 169.303430
sb191 223.950000 103.019134 265.950000 140.019134
sb192 93.606350 67.562857 115.606350 95.562857
sb193 47.112110 36.043227 89.112110 79.043227
sb194 223.950000 58.754544 265.950000 101.754544
sb195 151.488581 5.096455 176.488581 41.096455
sb196 142.730179 184.641884 181.730179 200.641884
sb197 150.854546 137.803109 197.854546 172.803109
sb198 38.315904 47.901000 60.315904 87.901000
sb199 110.880704 218.864255 144.880704 258.864255

[Iter 3000]
sb0 192.285503 87.591565 228.285503 103.591565
sb1 59.592525 72.691733 78.592525 111.691733
sb2 66.977603 0.221182 107.977603 35.221182
sb3 247.950000 140.603460 265.950000 187.603460
sb4 7.317866 107.926958 33.317866 139.926958
sb5 199.787465 172.185091 234.787465 203.185091
sb6 108.287384 150.736180 137.287384 163.736180
sb7 16.587097 170.265834 44.587097 191.265834
sb8 42.530282 205.172057 74.530282 220.172057
sb9 7.535666 139.971932 53.535666 173.971932
sb10 0.000000 153.766542 45.000000 185.766542
sb11 108.564841 0.093852 122.564841 36.093852
sb12 48.353330 99.043441 84.353330 141.043441
sb13 19.691818 0.091159 67.691818 45.091159
sb14 93.167559 187.185805 108.167559 212.185805
sb15 58.452974 209.792660 103.452974 255.792660
sb16 191.770533 44.846679 209.770533 66.846679
sb17 87.281978 154.902338 120.281978 180.902338
sb18 132.509984 0.000000 166.509984 19.000000
sb19 131.809588 128.781639 161.809588 140.781639
sb20 237.387472 179.554896 265.387472 212.554896
sb21 139.401710 58.025758 183.401710 97.025758
sb22 96.180046 167.873128 122.180046 206.873128
sb23 17.938771 190.195654 57.938771 215.195654
sb24 148.606826 48.839476 173.606826 63.839476
sb25 182.580236 13.018605 218.580236 49.018605
sb26 0.000000 130.668708 43.000000 155.668708
sb27 0.000000 246.098119 34.000000 261.098119
sb28 136.232444 77.344797 182.232444 115.344797
sb29 39.242645 95.757548 51.242645 132.757548
sb30 169.591409 141.522040 186.591409 168.522040
sb31 120.804987 202.941646 157.804987 218.941646
sb32 76.598645 167.347822 99.598645 199.347822
sb33 125.185593 66.742135 143.185593 102.742135
sb34 194.778113 40.022333 213.778113 78.022333
sb35 175.522009 99.693712 190.522009 132.693712
sb36 202.488404 199.727725 230.488404 211.727725
sb37 187.078555 162.454301 203.078555 183.454301
sb38 187.345191 218.269641 220.345191 244.269641
sb39 71.409235 13.908637 101.409235 55.908637
sb40 48.219263 43.344922 76.219263 84.344922
sb41 54.361278 31.008600 70.361278 47.008600
sb42 84.125676 96.564715 103.125676 140.564715
sb43 225.950000 144.728946 265.950000 178.728946
sb44 59.662920 178.725428 86.662920 194.725428
sb45 108.313069 166.363409 122.313069 203.363409
sb46 178.855972 0.000000 226.855972 15.000000
sb47 109.854184 168.326721 132.854184 182.326721
sb48 181.006161 87.095340 205.006161 113.095340
sb49 0.000000 29.809879 40.000000 60.809879
sb50 58.305427 54.642175 91.305427 96.642175
sb51 199.100905 145.801083 226.100905 193.801083
sb52 156.530033 183.190261 183.530033 220.190261
sb53 170.182567 175.422255 187.182567 193.422255
sb54 158.248563 163.089989 201.248563 179.089989
sb55 169.736927 15.978712 182.736927 61.978712
sb56 217.854109 152.242863 239.854109 177.242863
sb57 159.657681 55.679063 178.657681 103.679063
sb58 0.000000 170.509944 19.000000 211.509944
sb59 52.335951 145.443730 98.335951 191.443730
sb60 139.858314 87.035304 169.858314 122.035304
sb61 145.900806 211.379014 178.900806 245.379014
sb62 103.671341 0.000000 140.671341 45.000000
sb63 189.984283 32.433822 204.984283 67.433822
sb64 95.888815 9.978195 142.888815 57.978195
sb65 180.967299 108.083351 210.967299 141.083351
sb66 97.606384 127.560173 128.606384 158.560173
sb67 221.950000 9.839095 265.950000 46.839095
sb68 139.353000 4.716067 174.353000 28.716067
sb69 194.434009 112.389216 213.434009 150.389216
sb70 38.002162 83.843932 74.002162 97.843932
sb71 192.502769 193.993577 234.502769 227.993577
sb72 206.420131 141.369818 240.420131 174.369818
sb73 0.000000 99.077754 18.000000 137.077754
sb74 134.383324 58.237050 163.383324 76.237050
sb75 131.581975 179.178913 154.581975 206.178913
sb76 178.889314 62.531013 192.889314 74.531013
sb77 75.216004 249.894545 99.216004 265.894545
sb78 95.825911 61.740176 121.825911 104.740176
sb79 200.822955 149.924134 219.822955 186.924134
sb80 151.475225 23.749468 165.475225 38.749468
sb81 104.707535 212.148712 136.707535 232.148712
sb82 120.553682 33.202588 152.553682 66.202588
sb83 180.205980 183.065554 199.205980 220.065554
sb84 216.595987 213.766830 259.595987 250.766830
sb85 194.657310 187.035560 242.657310 224.035560
sb86 187.152839 68.992705 211.152839 92.992705
sb87 178.922726 64.627493 223.922726 83.627493
sb88 213.865591 56.114984 241.865591 99.114984
sb89 14.230268 172.233713 26.230268 207.233713
sb90 0.000000 76.233501 45.000000 100.233501
sb91 73.561974 205.166363 117.561974 233.166363
sb92 73.876517 149.493758 115.876517 173.493758
sb93 61.930159 0.000000 104.930159 21.000000
sb94 83.282041 199.956510 98.282041 215.956510
sb95 45.860404 84.288802 81.860404 109.288802
sb96 113.524198 87.689052 138.524198 132.689052
sb97 120.561666 133.839860 145.561666 161.839860
sb98 51.647129 156.661480 67.647129 182.661480
sb99 0.000000 199.729107 37.000000 219.729107
sb100 170.278748 233.035681 197.278748 258.035681
sb101 118.938320 168.881745 158.938320 216.881745
sb102 204.766740 89.162524 229.766740 127.162524
sb103 159.590424 191.007751 191.590424 223.007751
sb104 104.079767 46.223157 140.079767 71.223157
sb105 114.273223 234.950000 156.273223 265.950000
sb106 115.345056 222.395356 149.345056 261.395356
sb107 12.312419 103.174119 57.312419 119.174119
sb108 128.889804 153.063848 161.889804 165.063848
sb109 149.424676 110.649507 161.424676 132.649507
sb110 0.000000 220.717557 44.000000 243.717557
sb111 163.550929 124.923386 181.550929 137.923386
sb112 164.564513 37.122937 182.564513 83.122937
sb113 222.950000 48.200515 265.950000 76.200515
sb114 60.683263 187.696918 99.683263 206.696918
sb115 59.073430 114.829208 96.073430 144.829208
sb116 150.059864 223.488582 187.059864 265.488582
sb117 92.162521 228.950000 116.162521 265.950000
sb118 226.950000 111.612968 265.950000 146.612968
sb119 169.210770 117.728394 193.210770 153.728394
sb120 58.613095 116.858395 73.613095 161.858395
sb121 233.950000 184.535598 265.950000 229.535598
sb122 33.662092 178.678597 76.662092 208.678597
sb123 98.947669 183.245067 111.947669 218.245067
sb124 130.973394 158.211303 143.973394 197.211303
sb125 37.301712 46.477904 55.301712 74.477904
sb126 32.880813 149.325054 70.880813 177.325054
sb127 29.977028 115.026321 53.977028 137.026321
sb128 142.329150 118.284087 178.329150 143.284087
sb129 175.247022 0.000000 219.247022 46.000000
sb130 82.533176 74.123789 126.533176 119.123789
sb131 33.392660 8.869633 69.392660 28.869633
sb132 174.082999 90.816390 212.082999 106.816390
sb133 189.399887 154.144646 203.399887 166.144646
sb134 140.107345 100.448597 169.107345 116.448597
sb135 191.288840 216.467977 206.288840 253.467977
sb136 206.160606 115.418849 230.160606 134.418849
sb137 117.422524 170.742788 139.422524 188.742788
sb138 65.168648 150.690505 95.168648 172.690505
sb139 1.188775 95.464965 34.188775 126.464965
sb140 124.499077 112.568349 136.499077 128.568349
sb141 112.358432 110.103577 137.358432 144.103577
sb142 144.773333 219.950000 171.773333 265.950000
sb143 144.385412 10.867520 190.385412 54.867520
sb144 67.182568 110.589833 92.182568 139.589833
sb145 78.021531 37.657196 123.021531 71.657196
sb146 212.157313 113.121860 245.157313 147.121860
sb147 45.787516 134.941795 57.787516 165.941795
sb148 145.409002 174.679442 162.409002 199.679442
sb149 77.345948 212.688972 99.345948 234.688972
sb150 140.439787 132.549522 153.439787 162.549522
sb151 120.499119 0.025805 136.499119 27.025805
sb152 25.543371 43.895528 58.543371 76.895528
sb153 9.711526 253.950000 49.711526 265.950000
sb154 41.555109 221.950000 83.555109 265.950000
sb155 116.437055 86.645663 128.437055 99.645663
sb156 39.397414 102.925357 58.397414 144.925357
sb157 148.593915 0.000000 190.593915 12.000000
sb158 179.112523 94.731528 207.112523 111.731528
sb159 84.188854 66.335606 108.188854 102.335606
sb160 154.169755 128.004691 166.169755 164.004691
sb161 32.517071 211.070415 51.517071 242.070415
sb162 86.686076 128.222467 116.686076 140.222467
sb163 219.950000 9.908347 265.950000 56.908347
sb164 138.231189 113.630103 170.231189 140.630103
sb165 0.000000 74.901947 41.000000 107.901947
sb166 149.976070 253.950000 185.976070 265.950000
sb167 102.648450 143.115981 149.648450 157.115981
sb168 186.108671 58.995618 223.108671 83.995618
sb169 140.748893 150.168792 186.748893 178.168792
sb170 90.018036 95.355398 112.018036 140.355398
sb171 179.874778 117.969264 214.874778 151.969264
sb172 3.016832 2.766050 34.016832 27.766050
sb173 223.950000 77.328968 265.950000 99.328968
sb174 240.950000 94.787155 265.950000 114.787155
sb175 127.741101 205.529164 161.741101 217.529164
sb176 29.619999 178.911667 49.619999 194.911667
sb177 110.511377 103.048013 131.511377 134.048013
sb178 137.517429 154.095143 157.517429 170.095143
sb179 31.354343 194.386869 76.354343 235.386869
sb180 163.609065 174.357188 182.609065 195.357188
sb181 234.599812 151.243358 249.599812 193.243358
sb182 87.637294 141.616028 120.637294 153.616028
sb183 217.117349 95.815972 254.117349 111.815972
sb184 17.458587 46.007525 37.458587 65.007525
sb185 140.114538 37.493491 153.114538 81.493491
sb186 174.265064 204.945870 187.265064 252.945870
sb187 124.427680 78.873660 146.427680 102.873660
sb188 112.548826 187.151588 136.548826 227.151588
sb189 0.000000 60.208871 31.000000 80.208871
sb190 0.000000 126.360986 37.000000 160.360986
sb191 223.950000 104.150368 265.950000 141.150368
sb192 103.172018 57.389995 125.172018 85.389995
sb193 51.852739 28.611941 93.852739 71.611941
sb194 223.950000 57.345894 265.950000 100.345894
sb195 145.400844 11.600353 170.400844 47.600353
sb196 158.059610 188.025399 197.059610 204.025399
sb197 156.297640 141.540581 203.297640 176.540581
sb198 22.441031 58.037399 44.441031 98.037399
sb199 106.726047 225.950000 140.726047 265.950000

[Iter 4000]
sb0 192.892568 96.022184 228.892568 112.022184
sb1 66.897669 72.984279 85.897669 111.984279
sb2 62.790098 0.000000 103.790098 35.000000
sb3 247.950000 145.333614 265.950000 192.333614
sb4 7.324245 105.328446 33.324245 137.328446
sb5 203.126118 179.060355 238.126118 210.060355
sb6 99.951993 157.237553 128.951993 170.237553
sb7 0.000000 178.110223 28.000000 199.110223
sb8 46.018173 205.991907 78.018173 220.991907
sb9 0.000000 140.529124 46.000000 174.529124
sb10 0.516146 142.461456 45.516146 174.461456
sb11 107.417200 0.000000 121.417200 36.000000
sb12 50.993439 111.456815 86.993439 153.456815
sb13 13.096983 0.000000 61.096983 45.000000
sb14 108.594109 193.705418 123.594109 218.705418
sb15 50.033090 219.950000 95.033090 265.950000
sb16 181.776435 46.809201 199.776435 68.809201
sb17 78.624818 158.079203 111.624818 184.079203
sb18 133.243798 0.000000 167.243798 19.000000
sb19 127.301004 130.065735 157.301004 142.065735
sb20 237.950000 189.410601 265.950000 222.410601
sb21 141.556905 62.082586 185.556905 101.082586
sb22 90.731610 173.257741 116.731610 212.257741
sb23 9.606763 200.375734 49.606763 225.375734
sb24 139.591946 50.296739 164.591946 65.296739
sb25 183.083978 15.317423 219.083978 51.317423
sb26 0.000000 115.686371 43.000000 140.686371
sb27 0.000000 244.413090 34.000000 259.413090
sb28 135.320427 76.766182 181.320427 114.766182
sb29 37.739280 105.290598 49.739280 142.290598
sb30 157.353188 151.502015 174.353188 178.502015
sb31 114.954745 209.180437 151.954745 225.180437
sb32 76.894230 178.570060 99.894230 210.570060
sb33 119.283111 59.334505 137.283111 95.334505
sb34 195.145198 45.959247 214.145198 83.959247
sb35 171.951336 111.587064 186.951336 144.587064
sb36 210.256549 217.873563 238.256549 229.873563
sb37 179.696470 163.178823 195.696470 184.178823
sb38 190.702415 239.950000 223.702415 265.950000
sb39 67.159204 0.000000 97.159204 42.000000
sb40 39.428193 44.775629 67.428193 85.775629
sb41 50.758726 37.763530 66.758726 53.763530
sb42 81.420643 77.219487 100.420643 121.219487
sb43 225.950000 152.265255 265.950000 186.265255
sb44 58.384130 183.206600 85.384130 199.206600
sb45 115.412076 167.491264 129.412076 204.491264
sb46 171.672084 0.000000 219.672084 15.000000
sb47 119.721726 180.157077 142.721726 194.157077
sb48 204.558862 84.862204 228.558862 110.862204
sb49 0.000000 27.063269 40.000000 58.063269
sb50 44.687290 65.176539 77.687290 107.176539
sb51 196.312853 149.936724 223.312853 197.936724
sb52 164.583962 195.547311 191.583962 232.547311
sb53 185.523455 178.769302 202.523455 196.769302
sb54 164.226354 174.859242 207.226354 190.859242
sb55 169.651805 21.201382 182.651805 67.201382
sb56 232.750550 150.458063 254.750550 175.458063
sb57 171.613414 66.914462 190.613414 114.914462
sb58 0.000000 164.879788 19.000000 205.879788
sb59 43.863916 157.104559 89.863916 203.104559
sb60 140.167673 67.424041 170.167673 102.424041
sb61 158.591786 213.928554 191.591786 247.928554
sb62 101.462242 0.000000 138.462242 45.000000
sb63 206.508105 37.551072 221.508105 72.551072
sb64 110.129607 0.000000 157.129607 48.000000
sb65 200.799908 109.933503 230.799908 142.933503
sb66 88.291182 131.015499 119.291182 162.015499
sb67 221.950000 0.000000 265.950000 37.000000
sb68 138.573155 0.000000 173.573155 24.000000
sb69 190.588645 114.875025 209.588645 152.875025
sb70 35.309196 64.624072 71.309196 78.624072
sb71 190.835084 199.227613 232.835084 233.227613
sb72 211.979359 145.232882 245.979359 178.232882
sb73 0.000000 81.785082 18.000000 119.785082
sb74 136.325513 48.627141 165.325513 66.627141
sb75 126.596552 185.424586 149.596552 212.424586
sb76 179.004135 57.215370 193.004135 69.215370
sb77 79.894285 249.950000 103.894285 265.950000
sb78 102.096196 50.103429 128.096196 93.103429
sb79 216.050034 150.125420 235.050034 187.125420
sb80 148.691918 22.643106 162.691918 37.643106
sb81 117.206562 212.362459 149.206562 232.362459
sb82 115.025229 35.406193 147.025229 68.406193
sb83 192.441194 202.140886 211.441194 239.140886
sb84 222.950000 228.698351 265.950000 265.698351
sb85 211.604538 187.311517 259.604538 224.311517
sb86 190.462929 70.928160 214.462929 94.928160
sb87 184.068135 78.309361 229.068135 97.309361
sb88 224.657043 40.031157 252.657043 83.031157
sb89 10.994527 174.965700 22.994527 209.965700
sb90 16.402979 79.513325 61.402979 103.513325
sb91 67.038803 213.222843 111.038803 241.222843
sb92 81.092687 155.846485 123.092687 179.846485
sb93 67.975104 0.000000 110.975104 21.000000
sb94 91.660560 192.143675 106.660560 208.143675
sb95 38.430899 85.968668 74.430899 110.968668
sb96 106.223641 90.838206 131.223641 135.838206
sb97 132.434943 139.077988 157.434943 167.077988
sb98 55.494471 152.598675 71.494471 178.598675
sb99 0.000000 196.454725 37.000000 216.454725
sb100 164.184402 240.950000 191.184402 265.950000
sb101 133.326162 166.595448 173.326162 214.595448
sb102 201.388991 99.259655 226.388991 137.259655
sb103 157.978098 189.980351 189.978098 221.980351
sb104 66.358824 44.180757 102.358824 69.180757
sb105 120.873329 234.950000 162.873329 265.950000
sb106 112.212515 226.950000 146.212515 265.950000
sb107 29.619378 105.278071 74.619378 121.278071
sb108 145.705058 141.455573 178.705058 153.455573
sb109 138.119438 110.758068 150.119438 132.758068
sb110 0.000000 218.621022 44.000000 241.621022
sb111 149.853817 123.927215 167.853817 136.927215
sb112 158.112248 32.644269 176.112248 78.644269
sb113 222.950000 40.358894 265.950000 68.358894
sb114 49.312687 197.372851 88.312687 216.372851
sb115 58.143207 119.119660 95.143207 149.119660
sb116 149.477025 223.950000 186.477025 265.950000
sb117 96.054105 228.950000 120.054105 265.950000
sb118 226.950000 108.273059 265.950000 143.273059
sb119 165.055442 113.216582 189.055442 149.216582
sb120 74.309465 121.131020 89.309465 166.131020
sb121 233.950000 189.252623 265.950000 234.252623
sb122 30.808286 175.879459 73.808286 205.879459
sb123 89.784256 188.135183 102.784256 223.135183
sb124 137.879782 172.473088 150.879782 211.473088
sb125 39.820340 29.343283 57.820340 57.343283
sb126 21.559256 161.759922 59.559256 189.759922
sb127 50.101650 121.896410 74.101650 143.896410
sb128 163.722574 111.811218 199.722574 136.811218
sb129 174.552538 0.000000 218.552538 46.000000
sb130 75.449961 74.324957 119.449961 119.324957
sb131 31.754912 0.000000 67.754912 20.000000
sb132 166.455929 103.961583 204.455929 119.961583
sb133 184.843871 162.308210 198.843871 174.308210
sb134 130.568100 100.497152 159.568100 116.497152
sb135 206.381087 219.692120 221.381087 256.692120
sb136 203.772949 120.771498 227.772949 139.771498
sb137 115.889634 176.762643 137.889634 194.762643
sb138 53.040821 152.815131 83.040821 174.815131
sb139 0.000000 96.351044 33.000000 127.351044
sb140 148.771631 112.649329 160.771631 128.649329
sb141 107.935411 113.069166 132.935411 147.069166
sb142 137.271782 219.950000 164.271782 265.950000
sb143 161.255348 13.882862 207.255348 57.882862
sb144 86.354433 112.711165 111.354433 141.711165
sb145 68.798328 37.310240 113.798328 71.310240
sb146 232.950000 111.100862 265.950000 145.100862
sb147 50.099605 134.869749 62.099605 165.869749
sb148 151.873123 183.295554 168.873123 208.295554
sb149 83.782649 214.473122 105.782649 236.473122
sb150 127.879008 142.464012 140.879008 172.464012
sb151 119.300385 0.000000 135.300385 27.000000
sb152 20.888755 32.933435 53.888755 65.933435
sb153 8.198372 253.950000 48.198372 265.950000
sb154 42.863536 221.950000 84.863536 265.950000
sb155 112.435682 83.339086 124.435682 96.339086
sb156 38.371059 109.019293 57.371059 151.019293
sb157 160.972451 0.000000 202.972451 12.000000
sb158 181.750177 85.876390 209.750177 102.876390
sb159 85.558515 71.792422 109.558515 107.792422
sb160 149.983961 134.063544 161.983961 170.063544
sb161 22.314538 224.731488 41.314538 255.731488
sb162 87.618175 131.943651 117.618175 143.943651
sb163 219.950000 12.455021 265.950000 59.455021
sb164 133.969276 116.240693 165.969276 143.240693
sb165 0.000000 70.527956 41.000000 103.527956
sb166 165.745298 253.950000 201.745298 265.950000
sb167 98.276935 152.031837 145.276935 166.031837
sb168 186.593849 58.893158 223.593849 83.893158
sb169 138.398561 148.505552 184.398561 176.505552
sb170 111.600639 98.236117 133.600639 143.236117
sb171 176.949495 132.590235 211.949495 166.590235
sb172 0.000000 0.000000 31.000000 25.000000
sb173 223.950000 71.088891 265.950000 93.088891
sb174 240.950000 90.274109 265.950000 110.274109
sb175 120.458601 208.323667 154.458601 220.323667
sb176 20.936171 183.117902 40.936171 199.117902
sb177 135.725731 101.701096 156.725731 132.701096
sb178 123.799138 158.138408 143.799138 174.138408
sb179 21.728756 204.786156 66.728756 245.786156
sb180 151.081467 176.375507 170.081467 197.375507
sb181 250.950000 151.360764 265.950000 193.360764
sb182 99.375099 144.782020 132.375099 156.782020
sb183 228.950000 83.668670 265.950000 99.668670
sb184 8.801264 44.412438 28.801264 63.412438
sb185 132.331361 37.062088 145.331361 81.062088
sb186 191.293581 208.761210 204.293581 256.761210
sb187 118.964488 75.891044 140.964488 99.891044
sb188 103.014872 181.699349 127.014872 221.699349
sb189 0.000000 58.421280 31.000000 78.421280
sb190 0.000000 129.227556 37.000000 163.227556
sb191 223.950000 111.624498 265.950000 148.624498
sb192 101.644024 44.960592 123.644024 72.960592
sb193 59.056221 23.764826 101.056221 66.764826
sb194 223.950000 62.347434 265.950000 105.347434
sb195 144.329026 17.412438 169.329026 53.412438
sb196 173.477928 191.428272 212.477928 207.428272
sb197 169.507055 143.670524 216.507055 178.670524
sb198 12.197304 57.012916 34.197304 97.012916
sb199 99.084021 225.950000 133.084021 265.950000

[Iter 5000]
sb0 192.534831 104.245217 228.534831 120.245217
sb1 72.059215 70.891851 91.059215 109.891851
sb2 57.297553 0.000000 98.297553 35.000000
sb3 247.950000 147.806867 265.950000 194.806867
sb4 7.776694 97.532532 33.776694 129.532532
sb5 202.516985 179.992880 237.516985 210.992880
sb6 89.945889 162.227532 118.945889 175.227532
sb7 0.000000 189.444035 28.000000 210.444035
sb8 44.782098 205.940580 76.782098 220.940580
sb9 0.000000 132.754356 46.000000 166.754356
sb10 0.000000 137.871165 45.000000 169.871165
sb11 101.030105 0.000000 115.030105 36.000000
sb12 54.897381 116.937139 90.897381 158.937139
sb13 7.014263 0.000000 55.014263 45.000000
sb14 108.277562 194.959613 123.277562 219.959613
sb15 43.697114 219.950000 88.697114 265.950000
sb16 191.802418 46.642799 209.802418 68.642799
sb17 71.871354 158.354825 104.871354 184.354825
sb18 127.332030 0.000000 161.332030 19.000000
sb19 126.936710 131.358700 156.936710 143.358700
sb20 237.950000 191.001855 265.950000 224.001855
sb21 139.498233 61.336055 183.498233 100.336055
sb22 84.630718 178.939968 110.630718 217.939968
sb23 0.092625 211.118592 40.092625 236.118592
sb24 141.017950 51.825706 166.017950 66.825706
sb25 184.119019 14.762777 220.119019 50.762777
sb26 0.000000 109.607171 43.000000 134.607171
sb27 0.000000 250.950000 34.000000 265.950000
sb28 132.275486 77.929354 178.275486 115.929354
sb29 41.232580 104.736561 53.232580 141.736561
sb30 159.731479 155.591732 176.731479 182.591732
sb31 110.283049 209.638684 147.283049 225.638684
sb32 75.429161 180.596614 98.429161 212.596614
sb33 123.795012 58.459913 141.795012 94.459913
sb34 193.604852 46.633732 212.604852 84.633732
sb35 170.064175 112.115619 185.064175 145.115619
sb36 208.766817 218.289082 236.766817 230.289082
sb37 175.818137 169.108994 191.818137 190.108994
sb38 189.726523 239.950000 222.726523 265.950000
sb39 65.067039 0.000000 95.067039 42.000000
sb40 33.498227 45.339993 61.498227 86.339993
sb41 50.602048 41.930257 66.602048 57.930257
sb42 79.951097 77.440211 98.951097 121.440211
sb43 225.950000 163.423661 265.950000 197.423661
sb44 59.997827 187.220878 86.997827 203.220878
sb45 116.603867 170.590140 130.603867 207.590140
sb46 165.850301 0.000000 213.850301 15.000000
sb47 116.575831 179.299437 139.575831 193.299437
sb48 207.407740 85.922204 231.407740 111.922204
sb49 0.000000 27.087420 40.000000 58.087420
sb50 43.214940 68.302238 76.214940 110.302238
sb51 195.551157 159.528502 222.551157 207.528502
sb52 162.625875 195.811200 189.625875 232.811200
sb53 187.246135 181.697626 204.246135 199.697626
sb54 162.352388 178.933887 205.352388 194.933887
sb55 169.389712 20.263095 182.389712 66.263095
sb56 233.796898 147.102591 255.796898 172.102591
sb57 175.728403 66.945725 194.728403 114.945725
sb58 0.000000 164.938070 19.000000 205.938070
sb59 36.525450 161.759914 82.525450 207.759914
sb60 143.887930 67.696753 173.887930 102.696753
sb61 164.657310 214.689486 197.657310 248.689486
sb62 100.070497 0.000000 137.070497 45.000000
sb63 214.769333 38.907315 229.769333 73.907315
sb64 117.763478 0.000000 164.763478 48.000000
sb65 201.340785 112.710095 231.340785 145.710095
sb66 92.746138 132.627824 123.746138 163.627824
sb67 221.950000 0.000000 265.950000 37.000000
sb68 138.401733 1.243727 173.401733 25.243727
sb69 190.305848 126.472840 209.305848 164.472840
sb70 33.735733 58.273190 69.735733 72.273190
sb71 189.273043 209.814262 231.273043 243.814262
sb72 212.131195 145.989782 246.131195 178.989782
sb73 0.000000 75.525426 18.000000 113.525426
sb74 143.280668 48.241499 172.280668 66.241499
sb75 122.605543 185.569150 145.605543 212.569150
sb76 183.123415 56.224700 197.123415 68.224700
sb77 82.879532 249.950000 106.879532 265.950000
sb78 103.735513 45.958962 129.735513 88.958962
sb79 218.014894 156.437861 237.014894 193.437861
sb80 149.841805 23.457484 163.841805 38.457484
sb81 122.120708 213.209813 154.120708 233.209813
sb82 110.730154 33.568751 142.730154 66.568751
sb83 191.005333 204.661556 210.005333 241.661556
sb84 222.950000 228.950000 265.950000 265.950000
sb85 215.594058 193.282633 263.594058 230.282633
sb86 195.415028 67.339924 219.415028 91.339924
sb87 183.480644 79.171292 228.480644 98.171292
sb88 233.105940 39.178274 261.105940 82.178274
sb89 11.698950 170.261133 23.698950 205.261133
sb90 25.489106 75.610685 70.489106 99.610685
sb91 58.863547 218.526009 102.863547 246.526009
sb92 83.361215 156.979507 125.361215 180.979507
sb93 75.045480 0.000000 118.045480 21.000000
sb94 92.967154 191.044181 107.967154 207.044181
sb95 34.648624 86.944570 70.648624 111.944570
sb96 102.975894 88.179942 127.975894 133.179942
sb97 133.977710 139.272346 158.977710 167.272346
sb98 55.994695 150.723057 71.994695 176.723057
sb99 0.000000 199.070709 37.000000 219.070709
sb100 159.864263 240.950000 186.864263 265.950000
sb101 135.072576 166.909424 175.072576 214.909424
sb102 200.286415 100.104561 225.286415 138.104561
sb103 156.966783 190.777216 188.966783 222.777216
sb104 65.296940 45.930519 101.296940 70.930519
sb105 124.925944 234.950000 166.925944 265.950000
sb106 106.648206 226.950000 140.648206 265.950000
sb107 33.725391 103.825133 78.725391 119.825133
sb108 148.488678 141.490694 181.488678 153.490694
sb109 136.712160 113.264460 148.712160 135.264460
sb110 0.000000 220.829589 44.000000 243.829589
sb111 149.126491 124.914189 167.126491 137.914189
sb112 163.757456 36.061817 181.757456 82.061817
sb113 222.950000 40.722475 265.950000 68.722475
sb114 37.655449 197.934917 76.655449 216.934917
sb115 58.458566 120.525211 95.458566 150.525211
sb116 144.670747 223.950000 181.670747 265.950000
sb117 99.055192 228.950000 123.055192 265.950000
sb118 226.950000 109.274986 265.950000 144.274986
sb119 164.925847 114.179278 188.925847 150.179278
sb120 74.179575 124.920419 89.179575 169.920419
sb121 233.950000 200.425318 265.950000 245.425318
sb122 29.335474 174.251973 72.335474 204.251973
sb123 84.900186 193.044008 97.900186 228.044008
sb124 136.844574 164.367991 149.844574 203.367991
sb125 41.792118 22.414416 59.792118 50.414416
sb126 14.533392 166.451484 52.533392 194.451484
sb127 50.638339 119.988326 74.638339 141.988326
sb128 164.581881 112.615573 200.581881 137.615573
sb129 175.052630 0.000000 219.052630 46.000000
sb130 71.580145 74.153147 115.580145 119.153147
sb131 34.395704 0.000000 70.395704 20.000000
sb132 163.362003 104.124345 201.362003 120.124345
sb133 186.175283 165.795061 200.175283 177.795061
sb134 128.664091 100.081767 157.664091 116.081767
sb135 214.303624 228.950000 229.303624 265.950000
sb136 202.895863 126.672284 226.895863 145.672284
sb137 109.238572 177.055448 131.238572 195.055448
sb138 46.388411 156.168777 76.388411 178.168777
sb139 0.000000 97.527823 33.000000 128.527823
sb140 149.833866 112.650084 161.833866 128.650084
sb141 108.761686 109.912007 133.761686 143.912007
sb142 132.145002 219.950000 159.145002 265.950000
sb143 169.827049 13.118904 215.827049 57.118904
sb144 86.007440 112.740401 111.007440 141.740401
sb145 63.302256 38.162947 108.302256 72.162947
sb146 232.950000 110.845463 265.950000 144.845463
sb147 48.929569 133.241139 60.929569 164.241139
sb148 144.571619 191.436165 161.571619 216.436165
sb149 86.025594 214.580399 108.025594 236.580399
sb150 125.682189 145.633297 138.682189 175.633297
sb151 115.522319 0.000000 131.522319 27.000000
sb152 20.394397 27.380658 53.394397 60.380658
sb153 10.632184 253.950000 50.632184 265.950000
sb154 44.862233 221.950000 86.862233 265.950000
sb155 118.421614 81.301787 130.421614 94.301787
sb156 38.728668 112.498388 57.728668 154.498388
sb157 165.993076 0.000000 207.993076 12.000000
sb158 181.884406 92.403036 209.884406 109.403036
sb159 91.219837 70.385320 115.219837 106.385320
sb160 148.820358 142.367565 160.820358 178.367565
sb161 17.726167 234.950000 36.726167 265.950000
sb162 88.950306 131.992496 118.950306 143.992496
sb163 219.950000 20.475331 265.950000 67.475331
sb164 133.998770 121.744881 165.998770 148.744881
sb165 0.000000 62.369750 41.000000 95.369750
sb166 169.980658 253.950000 205.980658 265.950000
sb167 94.027678 150.737781 141.027678 164.737781
sb168 185.547171 66.290576 222.547171 91.290576
sb169 136.752198 149.849390 182.752198 177.849390
sb170 112.361365 99.653873 134.361365 144.653873
sb171 176.428802 134.248926 211.428802 168.248926
sb172 0.000000 0.000000 31.000000 25.000000
sb173 223.950000 71.565996 265.950000 93.565996
sb174 240.950000 90.861132 265.950000 110.861132
sb175 112.789170 208.277241 146.789170 220.277241
sb176 15.457249 178.936284 35.457249 194.936284
sb177 136.243672 101.723879 157.243672 132.723879
sb178 114.788893 158.248293 134.788893 174.248293
sb179 12.553333 208.867252 57.553333 249.867252
sb180 145.666871 179.525187 164.666871 200.525187
sb181 250.950000 154.929254 265.950000 196.929254
sb182 99.964538 145.627690 132.964538 157.627690
sb183 228.950000 83.492448 265.950000 99.492448
sb184 1.765329 43.951845 21.765329 62.951845
sb185 137.322544 33.576395 150.322544 77.576395
sb186 198.608705 212.198517 211.608705 260.198517
sb187 115.637936 71.973357 137.637936 95.973357
sb188 98.813142 178.600247 122.813142 218.600247
sb189 0.000000 60.237843 31.000000 80.237843
sb190 0.000000 130.902084 37.000000 164.902084
sb191 223.950000 122.565533 265.950000 159.565533
sb192 105.455770 41.792452 127.455770 69.792452
sb193 62.582790 22.722854 104.582790 65.722854
sb194 223.950000 70.805181 265.950000 113.805181
sb195 143.026315 17.753751 168.026315 53.753751
sb196 175.864227 193.735722 214.864227 209.735722
sb197 171.809864 146.114943 218.809864 181.114943
sb198 6.261247 56.969294 28.261247 96.969294
sb199 94.007461 225.950000 128.007461 265.950000

