[Iter 1000]
sb0 240.501225 161.456055 267.501225 176.456055
sb1 161.106598 161.221811 188.106598 177.221811
sb2 171.990286 66.128405 193.990286 92.128405
sb3 167.862906 138.791247 188.862906 183.791247
sb4 79.555346 33.865663 119.555346 78.865663
sb5 46.856569 138.659226 62.856569 164.659226
sb6 135.218433 123.223588 173.218433 150.223588
sb7 263.138540 72.980421 298.138540 101.980421
sb8 177.304726 155.191773 198.304726 191.191773
sb9 98.525380 306.693059 142.525380 331.693059
sb10 177.759723 205.138285 192.759723 236.138285
sb11 54.676260 130.186096 95.676260 154.186096
sb12 192.018425 162.401427 209.018425 181.401427
sb13 115.462231 155.003316 148.462231 203.003316
sb14 122.667299 73.126102 166.667299 94.126102
sb15 253.983897 163.769112 287.983897 178.769112
sb16 63.186305 200.512454 108.186305 242.512454
sb17 206.660634 90.966728 247.660634 127.966728
sb18 268.752382 154.884408 311.752382 198.884408
sb19 90.035400 183.866572 126.035400 206.866572
sb20 130.772239 213.244443 143.772239 230.244443
sb21 140.756703 52.868453 168.756703 96.868453
sb22 298.000000 182.706413 333.000000 211.706413
sb23 166.455279 270.127324 206.455279 287.127324
sb24 213.247686 263.120312 231.247686 287.120312
sb25 214.164199 171.043053 243.164199 214.043053
sb26 272.038729 148.713211 299.038729 166.713211
sb27 294.660898 218.345507 332.660898 258.345507
sb28 121.409980 98.611428 145.409980 110.611428
sb29 197.716273 118.631887 226.716273 148.631887
sb30 121.737037 138.648071 141.737037 166.648071
sb31 115.789092 81.131895 147.789092 117.131895
sb32 307.922979 215.929549 326.922979 237.929549
sb33 34.588981 107.703264 79.588981 153.703264
sb34 122.776286 196.767637 151.776286 208.767637
sb35 268.564296 100.006629 280.564296 126.006629
sb36 259.031241 192.401776 286.031241 222.401776
sb37 224.265082 255.607825 236.265082 284.607825
sb38 126.085450 208.891971 147.085450 227.891971
sb39 83.383523 120.449719 95.383523 133.449719
sb40 104.643974 205.701939 123.643974 252.701939
sb41 21.618756 172.110659 57.618756 191.110659
sb42 20.234511 163.856571 66.234511 188.856571
sb43 212.466571 55.468863 251.466571 76.468863
sb44 51.540168 199.753115 78.540168 223.753115
sb45 267.820741 212.040474 291.820741 237.040474
sb46 180.269885 137.280496 199.269885 150.280496
sb47 200.901471 141.836662 242.901471 181.836662
sb48 224.306017 184.143463 252.306017 218.143463
sb49 309.000000 205.299585 333.000000 253.299585
sb50 94.021564 144.999358 113.021564 158.999358
sb51 213.041561 268.181886 227.041561 284.181886
sb52 161.592415 9.346295 198.592415 27.346295
sb53 214.105014 131.272769 250.105014 143.272769
sb54 83.059593 130.298736 113.059593 164.298736
sb55 0.000000 173.451889 26.000000 204.451889
sb56 84.211972 125.837930 130.211972 156.837930
sb57 250.015611 33.169260 297.015611 81.169260
sb58 259.612796 226.694132 284.612796 251.694132
sb59 66.164528 258.497078 113.164528 296.497078
sb60 213.216289 158.952970 252.216289 174.952970
sb61 164.777734 128.960619 195.777734 173.960619
sb62 120.977223 183.269470 166.977223 219.269470
sb63 124.445887 104.389198 160.445887 150.389198
sb64 265.462279 207.444691 298.462279 222.444691
sb65 211.162413 187.483117 224.162413 210.483117
sb66 247.310203 58.193284 289.310203 103.193284
sb67 224.377116 11.445402 238.377116 44.445402
sb68 131.778629 23.520210 159.778629 68.520210
sb69 228.123203 187.085190 264.123203 214.085190
sb70 204.324438 201.177436 220.324438 246.177436
sb71 193.411902 6.097401 227.411902 38.097401
sb72 81.149801 94.638228 113.149801 109.638228
sb73 217.582339 45.352830 229.582339 91.352830
sb74 148.565390 296.474990 191.565390 330.474990
sb75 255.557782 151.923521 275.557782 188.923521
sb76 254.512747 16.204705 293.512747 52.204705
sb77 204.511651 229.039301 244.511651 247.039301
sb78 0.000000 210.004067 42.000000 226.004067
sb79 171.884197 239.715849 211.884197 264.715849
sb80 32.042288 283.393100 68.042288 298.393100
sb81 101.959263 150.531854 116.959263 182.531854
sb82 168.236962 38.837830 207.236962 62.837830
sb83 161.285248 0.000000 198.285248 41.000000
sb84 0.573229 295.000000 34.573229 333.000000
sb85 175.891756 84.586409 209.891756 127.586409
sb86 214.193226 2.767793 253.193226 46.767793
sb87 222.717559 101.259660 267.717559 149.259660
sb88 191.341370 63.876921 220.341370 107.876921
sb89 266.639981 8.432393 286.639981 50.432393
sb90 237.468062 127.303044 283.468062 151.303044
sb91 49.509624 308.687754 92.509624 329.687754
sb92 288.000000 199.892805 333.000000 246.892805
sb93 122.814176 39.895815 142.814176 63.895815
sb94 217.599340 166.952750 248.599340 185.952750
sb95 177.304207 228.282172 221.304207 265.282172
sb96 114.475392 116.329917 160.475392 149.329917
sb97 230.637252 197.866080 270.637252 212.866080
sb98 246.996478 256.734147 259.996478 291.734147
sb99 194.636353 172.330960 234.636353 189.330960
sb100 256.768802 12.221466 300.768802 57.221466
sb101 265.980731 174.561474 295.980731 210.561474
sb102 25.247158 252.181084 65.247158 288.181084
sb103 209.420328 31.490822 243.420328 65.490822
sb104 162.199454 234.506280 204.199454 248.506280
sb105 35.055717 61.225733 70.055717 94.225733
sb106 213.930056 36.894771 225.930056 69.894771
sb107 21.329339 180.264661 53.329339 195.264661
sb108 154.965330 266.811698 191.965330 304.811698
sb109 69.906650 157.424312 111.906650 203.424312
sb110 216.829901 78.844443 255.829901 120.844443
sb111 58.540326 222.978791 71.540326 243.978791
sb112 175.803559 118.889502 205.803559 143.889502
sb113 149.025297 94.761072 185.025297 118.761072
sb114 298.069348 107.976744 332.069348 151.976744
sb115 70.545171 183.093442 104.545171 205.093442
sb116 129.305301 160.467291 157.305301 179.467291
sb117 198.242315 263.221514 237.242315 284.221514
sb118 252.523618 99.103914 296.523618 137.103914
sb119 157.378491 184.012860 185.378491 229.012860
sb120 5.847411 91.384553 41.847411 127.384553
sb121 138.339986 140.562213 172.339986 178.562213
sb122 0.000000 141.765728 43.000000 161.765728
sb123 10.638521 211.821943 33.638521 247.821943
sb124 145.599909 174.786460 176.599909 209.786460
sb125 114.884837 27.948150 160.884837 69.948150
sb126 166.185041 218.425467 188.185041 230.425467
sb127 26.935291 192.605318 51.935291 235.605318
sb128 54.191991 218.428930 98.191991 246.428930
sb129 132.634920 189.787573 166.634920 211.787573
sb130 261.022443 260.849395 291.022443 286.849395
sb131 40.298912 203.950737 88.298912 248.950737
sb132 195.010904 139.436620 213.010904 178.436620
sb133 234.755210 242.236215 249.755210 285.236215
sb134 121.452762 186.061384 155.452762 233.061384
sb135 96.859176 159.611551 141.859176 174.611551
sb136 142.628521 164.339381 179.628521 176.339381
sb137 0.000000 166.055385 21.000000 194.055385
sb138 205.095958 205.801919 247.095958 233.801919
sb139 172.775877 55.723155 208.775877 92.723155
sb140 313.177227 159.080661 325.177227 202.080661
sb141 199.743235 216.634467 218.743235 261.634467
sb142 306.000000 143.088200 333.000000 180.088200
sb143 142.312668 72.798705 166.312668 97.798705
sb144 77.150646 136.214840 92.150646 176.214840
sb145 99.961038 207.528257 112.961038 252.528257
sb146 162.957949 85.733091 210.957949 118.733091
sb147 62.487124 136.093132 92.487124 178.093132
sb148 189.170686 195.332466 207.170686 215.332466
sb149 249.459283 125.495897 296.459283 147.495897
sb150 244.587728 264.588116 267.587728 295.588116
sb151 51.062607 210.996790 69.062607 252.996790
sb152 108.355248 174.867699 124.355248 193.867699
sb153 0.000000 134.014519 41.000000 164.014519
sb154 30.443317 103.652621 52.443317 120.652621
sb155 78.574322 74.016911 103.574322 88.016911
sb156 213.503704 100.644534 241.503704 116.644534
sb157 189.362113 196.107823 209.362113 221.107823
sb158 76.648575 106.515051 99.648575 119.515051
sb159 289.000000 116.716375 333.000000 148.716375
sb160 306.000000 84.122416 333.000000 100.122416
sb161 158.749317 250.606946 204.749317 297.606946
sb162 98.789792 120.566089 129.789792 138.566089
sb163 228.933920 209.410657 261.933920 231.410657
sb164 296.402125 58.586567 332.402125 99.586567
sb165 87.856606 47.736558 108.856606 64.736558
sb166 122.348987 249.423491 156.348987 285.423491
sb167 248.992757 160.468114 284.992757 197.468114
sb168 309.000000 98.855453 333.000000 139.855453
sb169 52.229049 101.237791 76.229049 140.237791
sb170 136.202096 113.597715 165.202096 158.597715
sb171 132.873437 249.631807 154.873437 289.631807
sb172 168.151645 125.552899 195.151645 138.552899
sb173 74.978171 166.585351 99.978171 198.585351
sb174 60.425854 92.522651 103.425854 108.522651
sb175 51.748667 149.066972 66.748667 165.066972
sb176 125.613932 151.859746 158.613932 189.859746
sb177 83.539506 67.231002 124.539506 104.231002
sb178 114.192488 54.009302 131.192488 73.009302
sb179 47.259240 298.486870 93.259240 332.486870
sb180 274.113805 265.834864 293.113805 305.834864
sb181 170.781865 218.071256 200.781865 246.071256
sb182 199.002185 12.323862 244.002185 36.323862
sb183 166.230572 101.040402 199.230572 140.040402
sb184 161.342338 53.793624 207.342338 78.793624
sb185 228.944201 78.038677 255.944201 112.038677
sb186 0.000000 233.758900 31.000000 266.758900
sb187 265.650390 182.984352 301.650390 220.984352
sb188 263.555470 245.071136 300.555470 285.071136
sb189 70.046245 85.606361 114.046245 97.606361
sb190 137.116422 102.877252 174.116422 129.877252
sb191 197.035677 181.453559 213.035677 215.453559
sb192 202.517848 115.149480 231.517848 163.149480
sb193 158.884323 269.820357 191.884323 286.820357
sb194 261.745575 156.024668 289.745575 169.024668
sb195 149.645365 183.200078 182.645365 196.200078
sb196 26.293155 210.472493 67.293155 251.472493
sb197 77.601813 207.481244 114.601813 235.481244
sb198 75.288756 267.576352 123.288756 286.576352
sb199 124.530589 231.053821 155.530589 267.053821
sb200 72.412574 59.565689 115.412574 96.565689
sb201 180.174513 180.782092 206.174513 209.782092
sb202 213.154112 118.346336 247.154112 157.346336
sb203 0.000000 201.377129 15.000000 229.377129
sb204 83.504969 99.881412 124.504969 132.881412
sb205 156.676251 162.852728 177.676251 177.852728
sb206 0.000000 97.186614 42.000000 132.186614
sb207 119.902821 34.045480 152.902821 62.045480
sb208 175.825670 94.242813 202.825670 114.242813
sb209 162.310796 35.051287 207.310796 71.051287
sb210 225.576015 59.238930 238.576015 83.238930
sb211 219.231610 94.897695 235.231610 106.897695
sb212 166.562368 277.204951 187.562368 319.204951
sb213 281.322252 172.134039 313.322252 186.134039
sb214 309.339059 50.610683 326.339059 77.610683
sb215 103.084144 160.337901 132.084144 181.337901
sb216 249.221923 115.116230 291.221923 134.116230
sb217 54.968862 50.965737 74.968862 98.965737
sb218 78.457787 141.297602 121.457787 156.297602
sb219 116.078251 220.933116 144.078251 238.933116
sb220 202.313692 212.217932 232.313692 249.217932
sb221 0.000000 245.116894 13.000000 290.116894
sb222 120.834416 69.689020 154.834416 94.689020
sb223 85.810589 171.092696 107.810589 190.092696
sb224 87.612914 177.306711 132.612914 198.306711
sb225 111.861484 216.699457 158.861484 254.699457
sb226 245.168944 229.156951 284.168944 245.156951
sb227 208.921496 183.008455 221.921496 215.008455
sb228 182.094749 164.025292 203.094749 184.025292
sb229 89.957212 203.972768 113.957212 251.972768
sb230 261.466587 223.525351 291.466587 256.525351
sb231 281.923953 115.760641 297.923953 145.760641
sb232 90.600498 105.237309 132.600498 128.237309
sb233 174.457585 198.123254 190.457585 211.123254
sb234 149.337278 245.854608 182.337278 263.854608
sb235 111.913319 80.344462 133.913319 126.344462
sb236 146.383488 214.496602 173.383488 253.496602
sb237 67.428294 162.608024 88.428294 202.608024
sb238 306.000000 98.144656 333.000000 137.144656
sb239 77.722903 61.492254 117.722903 83.492254
sb240 270.285496 140.689689 293.285496 159.689689
sb241 28.127531 219.582614 41.127531 243.582614
sb242 263.425340 115.786827 285.425340 155.786827
sb243 224.045683 216.068155 261.045683 250.068155
sb244 214.388426 150.879816 251.388426 163.879816
sb245 261.954875 262.388398 297.954875 286.388398
sb246 130.076758 232.510079 153.076758 276.510079
sb247 172.915978 113.294828 208.915978 152.294828
sb248 70.713976 254.707538 113.713976 285.707538
sb249 0.000000 306.000000 35.000000 333.000000
sb250 102.357725 126.431573 133.357725 160.431573
sb251 172.700130 162.635846 215.700130 196.635846
sb252 144.201672 143.153207 163.201672 171.153207
sb253 125.993625 89.374763 140.993625 102.374763
sb254 118.396540 192.802633 142.396540 205.802633
sb255 145.064460 267.370390 192.064460 306.370390
sb256 34.904216 243.553752 55.904216 256.553752
sb257 102.792890 103.432549 119.792890 136.432549
sb258 18.298711 168.034668 62.298711 202.034668
sb259 253.498424 140.548917 279.498424 152.548917
sb260 183.673133 147.750507 202.673133 159.750507
sb261 181.171393 183.916322 193.171393 228.916322
sb262 168.248906 205.025636 195.248906 253.025636
sb263 19.932761 157.214268 66.932761 203.214268
sb264 165.646756 43.520733 210.646756 66.520733
sb265 165.950633 146.913414 210.950633 161.913414
sb266 202.553048 252.956234 247.553048 300.956234
sb267 179.143474 65.097943 213.143474 104.097943
sb268 231.889520 226.471927 253.889520 251.471927
sb269 296.000000 64.443669 333.000000 82.443669
sb270 116.285037 228.939670 139.285037 243.939670
sb271 40.637252 177.974428 82.637252 201.974428
sb272 0.000000 261.077707 24.000000 296.077707
sb273 227.506891 174.152666 248.506891 204.152666
sb274 55.894941 107.278160 88.894941 128.278160
sb275 78.781939 225.627008 100.781939 253.627008
sb276 131.746212 115.322884 162.746212 129.322884
sb277 236.626849 78.202145 248.626849 125.202145
sb278 0.000000 208.113925 13.000000 250.113925
sb279 98.529276 249.232999 137.529276 292.232999
sb280 37.214779 153.768249 68.214779 175.768249
sb281 223.669363 172.805543 253.669363 190.805543
sb282 44.531233 109.201164 88.531233 139.201164
sb283 270.794066 202.707161 283.794066 217.707161
sb284 225.243446 56.910439 255.243446 77.910439
sb285 87.942773 29.066540 100.942773 62.066540
sb286 106.970924 291.977461 142.970924 332.977461
sb287 210.773186 72.269763 252.773186 93.269763
sb288 305.000000 150.078271 333.000000 186.078271
sb289 298.775799 65.077821 331.775799 102.077821
sb290 164.641120 226.330919 180.641120 253.330919
sb291 128.073286 60.914392 156.073286 103.914392
sb292 223.979451 133.126754 247.979451 172.126754
sb293 154.143252 14.743682 197.143252 33.743682
sb294 86.440583 87.531931 103.440583 113.531931
sb295 160.468505 197.405186 203.468505 210.405186
sb296 45.773633 238.344227 61.773633 265.344227
sb297 260.560112 168.644518 298.560112 199.644518
sb298 258.747112 78.051005 291.747112 118.051005
sb299 49.188285 116.495766 62.188285 129.495766

[Iter 2000]
sb0 260.373062 147.022436 287.373062 162.022436
sb1 173.478112 161.280991 200.478112 177.280991
sb2 170.394816 45.490354 192.394816 71.490354
sb3 160.391298 155.153619 181.391298 200.153619
sb4 71.858989 22.045315 111.858989 67.045315
sb5 45.992722 124.838788 61.992722 150.838788
sb6 150.502271 120.244366 188.502271 147.244366
sb7 261.572810 72.801940 296.572810 101.801940
sb8 187.404465 151.149622 208.404465 187.149622
sb9 98.729543 308.000000 142.729543 333.000000
sb10 172.480702 197.504449 187.480702 228.504449
sb11 42.101254 126.511106 83.101254 150.511106
sb12 203.895032 162.627649 220.895032 181.627649
sb13 129.515279 162.803034 162.515279 210.803034
sb14 114.730764 62.385576 158.730764 83.385576
sb15 250.431775 172.944162 284.431775 187.944162
sb16 69.582546 202.366887 114.582546 244.366887
sb17 212.027756 84.788047 253.027756 121.788047
sb18 289.891414 168.308221 332.891414 212.308221
sb19 83.276867 194.147735 119.276867 217.147735
sb20 148.903490 220.121405 161.903490 237.121405
sb21 133.858463 27.462552 161.858463 71.462552
sb22 298.000000 190.435511 333.000000 219.435511
sb23 168.533445 281.358238 208.533445 298.358238
sb24 208.499791 271.617181 226.499791 295.617181
sb25 215.835432 188.985157 244.835432 231.985157
sb26 271.357228 163.310553 298.357228 181.310553
sb27 295.000000 229.791116 333.000000 269.791116
sb28 120.762976 86.587918 144.762976 98.587918
sb29 208.287104 114.826674 237.287104 144.826674
sb30 113.705337 150.353073 133.705337 178.353073
sb31 118.495884 71.305445 150.495884 107.305445
sb32 314.000000 230.891091 333.000000 252.891091
sb33 27.455000 103.465491 72.455000 149.465491
sb34 116.170469 208.197735 145.170469 220.197735
sb35 252.456328 104.031810 264.456328 130.031810
sb36 250.022354 204.468248 277.022354 234.468248
sb37 223.582837 276.148435 235.582837 305.148435
sb38 119.728032 208.906189 140.728032 227.906189
sb39 81.401322 105.675843 93.401322 118.675843
sb40 121.581399 198.917222 140.581399 245.917222
sb41 11.371374 191.811572 47.371374 210.811572
sb42 2.474214 151.194813 48.474214 176.194813
sb43 210.455239 51.048141 249.455239 72.048141
sb44 52.785130 209.677119 79.785130 233.677119
sb45 271.352440 220.619030 295.352440 245.619030
sb46 177.649074 156.839637 196.649074 169.839637
sb47 226.619269 136.632968 268.619269 176.632968
sb48 238.982460 182.494278 266.982460 216.494278
sb49 309.000000 219.539915 333.000000 267.539915
sb50 102.752408 146.066452 121.752408 160.066452
sb51 209.387311 286.246147 223.387311 302.246147
sb52 160.451449 0.000000 197.451449 18.000000
sb53 223.932244 125.211009 259.932244 137.211009
sb54 83.249977 135.860148 113.249977 169.860148
sb55 0.000000 161.858041 26.000000 192.858041
sb56 76.945147 121.725442 122.945147 152.725442
sb57 250.181697 29.332101 297.181697 77.332101
sb58 260.245852 245.258045 285.245852 270.258045
sb59 67.974436 258.292265 114.974436 296.292265
sb60 224.133171 153.593230 263.133171 169.593230
sb61 135.526011 99.893702 166.526011 144.893702
sb62 83.468529 190.164875 129.468529 226.164875
sb63 128.543407 101.356292 164.543407 147.356292
sb64 276.930028 208.328110 309.930028 223.328110
sb65 220.882437 182.691183 233.882437 205.691183
sb66 247.826728 46.121776 289.826728 91.121776
sb67 224.306575 0.000000 238.306575 33.000000
sb68 127.924911 0.000000 155.924911 45.000000
sb69 229.288799 200.960673 265.288799 227.960673
sb70 201.075977 214.198001 217.075977 259.198001
sb71 207.541332 0.000000 241.541332 32.000000
sb72 83.405562 88.703199 115.405562 103.703199
sb73 214.005680 47.802517 226.005680 93.802517
sb74 153.681348 299.000000 196.681348 333.000000
sb75 276.077644 171.457928 296.077644 208.457928
sb76 252.957125 0.000000 291.957125 36.000000
sb77 204.137118 244.680673 244.137118 262.680673
sb78 0.000000 196.985118 42.000000 212.985118
sb79 187.955730 247.491156 227.955730 272.491156
sb80 31.680137 281.781582 67.680137 296.781582
sb81 88.579183 149.218413 103.579183 181.218413
sb82 163.478831 36.402844 202.478831 60.402844
sb83 156.517907 0.000000 193.517907 41.000000
sb84 0.000000 295.000000 34.000000 333.000000
sb85 178.743937 92.094708 212.743937 135.094708
sb86 215.586316 0.000000 254.586316 44.000000
sb87 199.326158 103.692880 244.326158 151.692880
sb88 201.044792 61.037961 230.044792 105.037961
sb89 255.269400 0.000000 275.269400 42.000000
sb90 239.174174 132.059690 285.174174 156.059690
sb91 49.278950 312.000000 92.278950 333.000000
sb92 288.000000 218.510434 333.000000 265.510434
sb93 116.031125 24.863334 136.031125 48.863334
sb94 229.195032 168.123158 260.195032 187.123158
sb95 215.792315 233.593620 259.792315 270.593620
sb96 99.094701 116.498159 145.094701 149.498159
sb97 245.198735 202.164269 285.198735 217.164269
sb98 246.917015 281.374360 259.917015 316.374360
sb99 198.862724 186.848389 238.862724 203.848389
sb100 270.100014 0.000000 314.100014 45.000000
sb101 276.591175 184.660763 306.591175 220.660763
sb102 27.708003 253.951682 67.708003 289.951682
sb103 198.244518 35.816740 232.244518 69.816740
sb104 156.393996 245.695697 198.393996 259.695697
sb105 32.286074 39.099461 67.286074 72.099461
sb106 213.851297 28.043888 225.851297 61.043888
sb107 19.749775 171.708245 51.749775 186.708245
sb108 168.271779 292.455994 205.271779 330.455994
sb109 55.118509 156.003572 97.118509 202.003572
sb110 226.308370 72.054180 265.308370 114.054180
sb111 74.810954 234.151003 87.810954 255.151003
sb112 183.243908 112.717277 213.243908 137.717277
sb113 156.202456 80.375538 192.202456 104.375538
sb114 299.000000 103.842020 333.000000 147.842020
sb115 62.581266 180.809993 96.581266 202.809993
sb116 127.861496 156.633038 155.861496 175.633038
sb117 184.535372 265.730013 223.535372 286.730013
sb118 253.075539 95.591508 297.075539 133.591508
sb119 146.691003 196.816673 174.691003 241.816673
sb120 3.204141 58.224403 39.204141 94.224403
sb121 146.567630 145.301532 180.567630 183.301532
sb122 0.000000 134.658847 43.000000 154.658847
sb123 3.262855 218.771262 26.262855 254.771262
sb124 152.060590 168.132194 183.060590 203.132194
sb125 109.390558 15.346251 155.390558 57.346251
sb126 192.724362 224.039843 214.724362 236.039843
sb127 33.194839 192.108909 58.194839 235.108909
sb128 54.433727 232.898512 98.433727 260.898512
sb129 115.162363 188.587788 149.162363 210.587788
sb130 260.417278 286.867455 290.417278 312.867455
sb131 29.038111 201.295437 77.038111 246.295437
sb132 192.820499 142.375866 210.820499 181.375866
sb133 244.712102 265.464859 259.712102 308.464859
sb134 137.051288 202.916442 171.051288 249.916442
sb135 84.734353 160.637271 129.734353 175.637271
sb136 150.265241 162.122930 187.265241 174.122930
sb137 0.000000 156.125963 21.000000 184.125963
sb138 213.811790 205.692882 255.811790 233.692882
sb139 155.589037 45.826448 191.589037 82.826448
sb140 318.313189 166.421621 330.313189 209.421621
sb141 194.346131 229.914144 213.346131 274.914144
sb142 306.000000 125.762977 333.000000 162.762977
sb143 131.203103 52.497031 155.203103 77.497031
sb144 76.780959 121.661518 91.780959 161.661518
sb145 99.232395 230.365454 112.232395 275.365454
sb146 163.676436 73.866370 211.676436 106.866370
sb147 60.061433 118.773741 90.061433 160.773741
sb148 215.425293 197.996450 233.425293 217.996450
sb149 259.281178 121.267361 306.281178 143.267361
sb150 247.362641 283.975535 270.362641 314.975535
sb151 43.800225 228.371422 61.800225 270.371422
sb152 93.359466 172.728598 109.359466 191.728598
sb153 0.000000 114.358065 41.000000 144.358065
sb154 19.296919 91.930237 41.296919 108.930237
sb155 52.407895 67.455114 77.407895 81.455114
sb156 216.337647 113.304231 244.337647 129.304231
sb157 192.704481 197.931495 212.704481 222.931495
sb158 54.525446 96.269596 77.525446 109.269596
sb159 289.000000 131.993940 333.000000 163.993940
sb160 305.993056 61.353415 332.993056 77.353415
sb161 146.430774 265.708586 192.430774 312.708586
sb162 99.816235 116.670164 130.816235 134.670164
sb163 224.882193 228.371317 257.882193 250.371317
sb164 297.000000 41.931247 333.000000 82.931247
sb165 73.104429 35.972240 94.104429 52.972240
sb166 130.629072 255.086075 164.629072 291.086075
sb167 297.000000 170.507455 333.000000 207.507455
sb168 309.000000 77.661567 333.000000 118.661567
sb169 48.311195 85.718080 72.311195 124.718080
sb170 137.017524 109.500171 166.017524 154.500171
sb171 154.535281 256.232319 176.535281 296.232319
sb172 173.781688 109.741809 200.781688 122.741809
sb173 67.852987 166.005770 92.852987 198.005770
sb174 43.692633 81.961368 86.692633 97.961368
sb175 52.137894 151.583674 67.137894 167.583674
sb176 116.883367 150.714788 149.883367 188.714788
sb177 88.505773 56.021829 129.505773 93.021829
sb178 120.008490 32.574589 137.008490 51.574589
sb179 47.091961 299.000000 93.091961 333.000000
sb180 282.039978 280.733704 301.039978 320.733704
sb181 167.265832 231.436322 197.265832 259.436322
sb182 193.832568 11.541847 238.832568 35.541847
sb183 169.758178 104.017831 202.758178 143.017831
sb184 163.925444 56.555128 209.925444 81.555128
sb185 218.462080 85.165991 245.462080 119.165991
sb186 0.000000 228.741240 31.000000 261.741240
sb187 254.838971 193.388462 290.838971 231.388462
sb188 271.742682 266.219025 308.742682 306.219025
sb189 69.944813 70.655812 113.944813 82.655812
sb190 119.198767 81.172725 156.198767 108.172725
sb191 203.943056 178.540376 219.943056 212.540376
sb192 222.873501 142.103246 251.873501 190.103246
sb193 177.402854 271.355686 210.402854 288.355686
sb194 269.391049 156.628650 297.391049 169.628650
sb195 138.816551 210.311181 171.816551 223.311181
sb196 19.164770 221.526451 60.164770 262.526451
sb197 66.637925 208.259824 103.637925 236.259824
sb198 87.057630 265.989422 135.057630 284.989422
sb199 119.094753 229.347751 150.094753 265.347751
sb200 65.112072 46.490057 108.112072 83.490057
sb201 179.928628 182.867328 205.928628 211.867328
sb202 185.354279 147.471644 219.354279 186.471644
sb203 0.000000 203.477008 15.000000 231.477008
sb204 73.730727 91.107356 114.730727 124.107356
sb205 140.753370 193.573849 161.753370 208.573849
sb206 0.000000 83.348283 42.000000 118.348283
sb207 109.528436 7.764535 142.528436 35.764535
sb208 180.150456 78.440462 207.150456 98.440462
sb209 161.633268 17.105793 206.633268 53.105793
sb210 229.820265 62.953311 242.820265 86.953311
sb211 239.652062 76.761590 255.652062 88.761590
sb212 188.262417 283.745895 209.262417 325.745895
sb213 248.987522 173.328111 280.987522 187.328111
sb214 303.077595 24.520925 320.077595 51.520925
sb215 105.091328 170.861807 134.091328 191.861807
sb216 249.439757 109.883010 291.439757 128.883010
sb217 58.288414 27.830102 78.288414 75.830102
sb218 65.727586 141.662777 108.727586 156.662777
sb219 111.789243 231.359626 139.789243 249.359626
sb220 204.605019 224.172315 234.605019 261.172315
sb221 0.000000 245.469103 13.000000 290.469103
sb222 109.021436 46.710194 143.021436 71.710194
sb223 102.757191 171.964691 124.757191 190.964691
sb224 93.780613 179.667268 138.780613 200.667268
sb225 107.348650 228.234070 154.348650 266.234070
sb226 248.018006 249.505524 287.018006 265.505524
sb227 224.395354 192.967404 237.395354 224.967404
sb228 187.416989 219.274340 208.416989 239.274340
sb229 80.055926 219.999861 104.055926 267.999861
sb230 261.282273 230.511290 291.282273 263.511290
sb231 279.377992 119.573114 295.377992 149.573114
sb232 92.504288 101.838179 134.504288 124.838179
sb233 181.913405 210.796693 197.913405 223.796693
sb234 144.192784 267.837533 177.192784 285.837533
sb235 97.653322 78.540058 119.653322 124.540058
sb236 172.178629 220.400301 199.178629 259.400301
sb237 52.881566 161.824255 73.881566 201.824255
sb238 306.000000 83.596725 333.000000 122.596725
sb239 78.543055 42.251204 118.543055 64.251204
sb240 271.370706 146.381567 294.370706 165.381567
sb241 26.165831 214.902651 39.165831 238.902651
sb242 274.005141 112.116875 296.005141 152.116875
sb243 230.644221 240.257789 267.644221 274.257789
sb244 224.397021 147.889805 261.397021 160.889805
sb245 270.953932 276.410325 306.953932 300.410325
sb246 121.854947 250.223100 144.854947 294.223100
sb247 160.279978 120.625322 196.279978 159.625322
sb248 60.404543 267.058737 103.404543 298.058737
sb249 0.000000 306.000000 35.000000 333.000000
sb250 105.266985 130.730872 136.266985 164.730872
sb251 165.852776 179.683340 208.852776 213.683340
sb252 141.721623 152.893202 160.721623 180.893202
sb253 125.568125 84.876380 140.568125 97.876380
sb254 140.941870 182.691951 164.941870 195.691951
sb255 133.685147 288.651341 180.685147 327.651341
sb256 31.730021 244.924805 52.730021 257.924805
sb257 86.601085 89.380035 103.601085 122.380035
sb258 4.326784 171.385961 48.326784 205.385961
sb259 260.774981 143.021313 286.774981 155.021313
sb260 167.476476 125.411778 186.476476 137.411778
sb261 184.904585 187.748707 196.904585 232.748707
sb262 158.849245 220.828228 185.849245 268.828228
sb263 6.693890 151.742444 53.693890 197.742444
sb264 171.604556 37.268556 216.604556 60.268556
sb265 172.247106 145.326200 217.247106 160.326200
sb266 204.362607 275.605244 249.362607 323.605244
sb267 161.320574 72.315841 195.320574 111.315841
sb268 228.761602 254.997247 250.761602 279.997247
sb269 295.979049 48.768801 332.979049 66.768801
sb270 110.084691 247.781153 133.084691 262.781153
sb271 41.232694 170.177590 83.232694 194.177590
sb272 0.000000 260.656549 24.000000 295.656549
sb273 251.236078 166.959875 272.236078 196.959875
sb274 56.308769 78.254680 89.308769 99.254680
sb275 101.566665 214.540858 123.566665 242.540858
sb276 123.906539 120.782318 154.906539 134.782318
sb277 250.485027 70.828977 262.485027 117.828977
sb278 0.000000 197.408620 13.000000 239.408620
sb279 97.515243 265.660140 136.515243 308.660140
sb280 35.714100 149.411943 66.714100 171.411943
sb281 219.385925 168.946551 249.385925 186.946551
sb282 38.411458 104.860011 82.411458 134.860011
sb283 265.953294 178.004441 278.953294 193.004441
sb284 224.338786 41.748629 254.338786 62.748629
sb285 87.430539 13.607199 100.430539 46.607199
sb286 110.370216 291.988000 146.370216 332.988000
sb287 203.042565 69.225794 245.042565 90.225794
sb288 305.000000 135.422546 333.000000 171.422546
sb289 300.000000 71.668374 333.000000 108.668374
sb290 165.171908 234.634977 181.171908 261.634977
sb291 136.506016 66.370050 164.506016 109.370050
sb292 209.513338 136.787567 233.513338 175.787567
sb293 157.845912 1.104831 200.845912 20.104831
sb294 85.205125 77.572393 102.205125 103.572393
sb295 169.431081 197.862176 212.431081 210.862176
sb296 46.555153 234.420429 62.555153 261.420429
sb297 274.532849 161.654155 312.532849 192.654155
sb298 259.315794 80.017751 292.315794 120.017751
sb299 52.417288 95.862769 65.417288 108.862769

[Iter 3000]
sb0 253.388695 156.334223 280.388695 171.334223
sb1 159.897877 187.801759 186.897877 203.801759
sb2 171.549759 38.728724 193.549759 64.728724
sb3 146.303347 154.717103 167.303347 199.717103
sb4 63.286546 11.781474 103.286546 56.781474
sb5 42.031462 119.259537 58.031462 145.259537
sb6 159.312345 115.044419 197.312345 142.044419
sb7 263.576012 79.011147 298.576012 108.011147
sb8 190.580911 149.496329 211.580911 185.496329
sb9 104.372539 308.000000 148.372539 333.000000
sb10 157.833507 224.944610 172.833507 255.944610
sb11 29.382994 122.813693 70.382994 146.813693
sb12 208.984737 158.102889 225.984737 177.102889
sb13 122.072456 159.289821 155.072456 207.289821
sb14 106.493463 51.563442 150.493463 72.563442
sb15 249.634007 182.828206 283.634007 197.828206
sb16 74.260465 210.552819 119.260465 252.552819
sb17 208.706565 76.650717 249.706565 113.650717
sb18 290.000000 190.369009 333.000000 234.369009
sb19 73.038803 197.976129 109.038803 220.976129
sb20 167.252844 213.670531 180.252844 230.670531
sb21 140.687055 16.391830 168.687055 60.391830
sb22 298.000000 206.532227 333.000000 235.532227
sb23 179.238631 309.585748 219.238631 326.585748
sb24 190.543679 280.613331 208.543679 304.613331
sb25 218.749511 203.020532 247.749511 246.020532
sb26 271.133543 174.049484 298.133543 192.049484
sb27 295.000000 258.058858 333.000000 298.058858
sb28 116.201031 81.733669 140.201031 93.733669
sb29 213.638627 104.558456 242.638627 134.558456
sb30 104.333332 159.345161 124.333332 187.345161
sb31 108.068269 67.736901 140.068269 103.736901
sb32 314.000000 233.474895 333.000000 255.474895
sb33 22.029691 87.820519 67.029691 133.820519
sb34 103.162429 211.396355 132.162429 223.396355
sb35 250.201645 123.557606 262.201645 149.557606
sb36 250.894809 215.333062 277.894809 245.333062
sb37 227.091024 287.857321 239.091024 316.857321
sb38 115.723871 219.639573 136.723871 238.639573
sb39 81.353609 93.936580 93.353609 106.936580
sb40 131.273994 197.962072 150.273994 244.962072
sb41 0.000000 180.065104 36.000000 199.065104
sb42 0.000000 141.692564 46.000000 166.692564
sb43 209.747015 46.042069 248.747015 67.042069
sb44 57.450765 197.538873 84.450765 221.538873
sb45 272.226122 224.126687 296.226122 249.126687
sb46 177.144331 163.708360 196.144331 176.708360
sb47 220.478495 157.013390 262.478495 197.013390
sb48 250.118260 179.836116 278.118260 213.836116
sb49 309.000000 224.046235 333.000000 272.046235
sb50 105.133213 140.714460 124.133213 154.714460
sb51 203.194464 293.911098 217.194464 309.911098
sb52 161.811290 0.000000 198.811290 18.000000
sb53 234.288789 117.739241 270.288789 129.739241
sb54 66.975117 135.430554 96.975117 169.430554
sb55 0.000000 145.205413 26.000000 176.205413
sb56 66.563846 124.602704 112.563846 155.602704
sb57 249.750629 34.667641 296.750629 82.667641
sb58 255.808216 266.155586 280.808216 291.155586
sb59 72.380659 261.497043 119.380659 299.497043
sb60 235.078057 149.846322 274.078057 165.846322
sb61 125.802301 98.985381 156.802301 143.985381
sb62 81.367930 198.208452 127.367930 234.208452
sb63 125.383902 94.817639 161.383902 140.817639
sb64 286.148277 208.453236 319.148277 223.453236
sb65 229.791462 177.188724 242.791462 200.188724
sb66 249.620270 48.565106 291.620270 93.565106
sb67 230.164755 0.000000 244.164755 33.000000
sb68 124.202018 0.000000 152.202018 45.000000
sb69 223.056032 213.722755 259.056032 240.722755
sb70 192.672233 218.822550 208.672233 263.822550
sb71 208.501129 0.000000 242.501129 32.000000
sb72 82.181034 83.453341 114.181034 98.453341
sb73 198.234375 37.100637 210.234375 83.100637
sb74 173.427681 299.000000 216.427681 333.000000
sb75 276.145804 173.417898 296.145804 210.417898
sb76 253.633233 0.000000 292.633233 36.000000
sb77 208.481007 260.319400 248.481007 278.319400
sb78 0.000000 181.496805 42.000000 197.496805
sb79 206.526801 253.687181 246.526801 278.687181
sb80 32.292672 279.770659 68.292672 294.770659
sb81 92.499734 144.578099 107.499734 176.578099
sb82 159.461699 31.635714 198.461699 55.635714
sb83 132.968557 0.000000 169.968557 41.000000
sb84 0.000000 295.000000 34.000000 333.000000
sb85 181.389354 93.818569 215.389354 136.818569
sb86 219.801329 0.000000 258.801329 44.000000
sb87 196.427780 115.049221 241.427780 163.049221
sb88 206.539600 52.903156 235.539600 96.903156
sb89 257.835751 0.000000 277.835751 42.000000
sb90 240.672801 138.722954 286.672801 162.722954
sb91 76.365908 312.000000 119.365908 333.000000
sb92 288.000000 245.073109 333.000000 292.073109
sb93 72.738798 19.615452 92.738798 43.615452
sb94 240.102098 168.017566 271.102098 187.017566
sb95 237.577763 238.244200 281.577763 275.244200
sb96 88.289802 122.391284 134.289802 155.391284
sb97 239.614988 209.578473 279.614988 224.578473
sb98 252.034968 291.714182 265.034968 326.714182
sb99 188.497403 187.844714 228.497403 204.844714
sb100 276.208372 0.000000 320.208372 45.000000
sb101 286.800585 184.590710 316.800585 220.590710
sb102 28.245271 249.118828 68.245271 285.118828
sb103 198.302015 40.205528 232.302015 74.205528
sb104 145.439180 257.703495 187.439180 271.703495
sb105 37.001579 17.063712 72.001579 50.063712
sb106 226.749065 21.898025 238.749065 54.898025
sb107 24.857957 166.741287 56.857957 181.741287
sb108 158.968427 295.000000 195.968427 333.000000
sb109 45.128381 167.157159 87.128381 213.157159
sb110 235.814953 64.050088 274.814953 106.050088
sb111 80.215904 239.631676 93.215904 260.631676
sb112 187.911892 103.428117 217.911892 128.428117
sb113 156.085069 74.289430 192.085069 98.289430
sb114 299.000000 109.768944 333.000000 153.768944
sb115 64.385415 177.465119 98.385415 199.465119
sb116 130.371070 162.405405 158.371070 181.405405
sb117 177.181992 270.363176 216.181992 291.363176
sb118 249.306992 104.167760 293.306992 142.167760
sb119 140.545116 200.839022 168.545116 245.839022
sb120 3.052021 24.343156 39.052021 60.343156
sb121 145.908807 140.269877 179.908807 178.269877
sb122 0.000000 114.618449 43.000000 134.618449
sb123 4.994272 200.840883 27.994272 236.840883
sb124 161.817975 161.620933 192.817975 196.620933
sb125 88.068905 8.637852 134.068905 50.637852
sb126 214.342466 226.139675 236.342466 238.139675
sb127 32.152064 191.825148 57.152064 234.825148
sb128 44.125762 241.759416 88.125762 269.759416
sb129 109.664445 187.649008 143.664445 209.649008
sb130 252.186655 300.409641 282.186655 326.409641
sb131 22.949435 213.296135 70.949435 258.296135
sb132 187.930444 143.147075 205.930444 182.147075
sb133 255.259809 286.643830 270.259809 329.643830
sb134 152.489742 198.008997 186.489742 245.008997
sb135 62.231468 166.588912 107.231468 181.588912
sb136 146.288068 151.100967 183.288068 163.100967
sb137 0.000000 135.751491 21.000000 163.751491
sb138 229.091840 208.038803 271.091840 236.038803
sb139 151.041333 37.576654 187.041333 74.576654
sb140 321.000000 169.513541 333.000000 212.513541
sb141 191.093766 245.381748 210.093766 290.381748
sb142 306.000000 118.563327 333.000000 155.563327
sb143 126.602729 52.648453 150.602729 77.648453
sb144 77.815276 121.119207 92.815276 161.119207
sb145 95.597467 244.346644 108.597467 289.346644
sb146 157.108053 70.222788 205.108053 103.222788
sb147 58.870122 103.478767 88.870122 145.478767
sb148 210.538235 208.629143 228.538235 228.629143
sb149 252.811815 118.165440 299.811815 140.165440
sb150 226.355739 302.000000 249.355739 333.000000
sb151 39.645183 252.104049 57.645183 294.104049
sb152 78.631027 179.126873 94.631027 198.126873
sb153 0.000000 91.114177 41.000000 121.114177
sb154 19.317623 62.176186 41.317623 79.176186
sb155 41.452374 58.522621 66.452374 72.522621
sb156 224.085599 125.284552 252.085599 141.284552
sb157 182.531659 213.916167 202.531659 238.916167
sb158 44.304298 89.911630 67.304298 102.911630
sb159 289.000000 148.908812 333.000000 180.908812
sb160 305.980867 56.541690 332.980867 72.541690
sb161 139.494770 286.000000 185.494770 333.000000
sb162 104.365566 112.852839 135.365566 130.852839
sb163 223.945292 239.898510 256.945292 261.898510
sb164 297.000000 41.979159 333.000000 82.979159
sb165 52.509786 28.458382 73.509786 45.458382
sb166 141.005357 247.720116 175.005357 283.720116
sb167 297.000000 171.785165 333.000000 208.785165
sb168 309.000000 60.938634 333.000000 101.938634
sb169 47.107492 64.783407 71.107492 103.783407
sb170 140.625572 104.671815 169.625572 149.671815
sb171 172.076472 249.630916 194.076472 289.630916
sb172 175.883728 91.419949 202.883728 104.419949
sb173 49.012301 172.006236 74.012301 204.006236
sb174 39.929403 67.158057 82.929403 83.158057
sb175 52.219652 145.346802 67.219652 161.346802
sb176 102.022986 151.329210 135.022986 189.329210
sb177 88.839595 46.633091 129.839595 83.633091
sb178 125.276998 22.225384 142.276998 41.225384
sb179 43.335197 299.000000 89.335197 333.000000
sb180 288.777925 293.000000 307.777925 333.000000
sb181 165.113649 237.891891 195.113649 265.891891
sb182 182.322984 6.853962 227.322984 30.853962
sb183 167.278381 100.371246 200.278381 139.371246
sb184 149.756980 53.805363 195.756980 78.805363
sb185 214.049218 89.199724 241.049218 123.199724
sb186 0.000000 217.458846 31.000000 250.458846
sb187 259.566944 211.127372 295.566944 249.127372
sb188 279.559759 291.261634 316.559759 331.261634
sb189 70.170146 63.567753 114.170146 75.567753
sb190 108.583571 82.050876 145.583571 109.050876
sb191 215.063221 169.918584 231.063221 203.918584
sb192 215.322332 156.600012 244.322332 204.600012
sb193 187.766873 276.129884 220.766873 293.129884
sb194 275.784281 153.175134 303.784281 166.175134
sb195 140.169538 215.659303 173.169538 228.659303
sb196 3.368055 232.709144 44.368055 273.709144
sb197 56.121683 215.721471 93.121683 243.721471
sb198 104.100497 275.409853 152.100497 294.409853
sb199 114.027705 242.511995 145.027705 278.511995
sb200 46.429857 49.444137 89.429857 86.444137
sb201 177.148269 199.255352 203.148269 228.255352
sb202 172.771610 152.857454 206.771610 191.857454
sb203 0.000000 182.312642 15.000000 210.312642
sb204 71.107210 91.081461 112.107210 124.081461
sb205 125.598263 205.276648 146.598263 220.276648
sb206 0.000000 58.436199 42.000000 93.436199
sb207 96.758335 0.000000 129.758335 28.000000
sb208 182.443376 62.917315 209.443376 82.917315
sb209 166.266598 7.995185 211.266598 43.995185
sb210 220.895979 56.899719 233.895979 80.899719
sb211 244.835977 88.893949 260.835977 100.893949
sb212 215.500767 287.229039 236.500767 329.229039
sb213 244.781087 185.832058 276.781087 199.832058
sb214 307.577199 14.575357 324.577199 41.575357
sb215 103.686455 172.628398 132.686455 193.628398
sb216 232.632794 105.543243 274.632794 124.543243
sb217 66.066001 8.235055 86.066001 56.235055
sb218 43.936578 145.302044 86.936578 160.302044
sb219 102.862135 227.889592 130.862135 245.889592
sb220 208.079230 236.226318 238.079230 273.226318
sb221 0.000000 244.839149 13.000000 289.839149
sb222 100.818414 40.787899 134.818414 65.787899
sb223 88.738870 172.504513 110.738870 191.504513
sb224 95.570139 190.494604 140.570139 211.494604
sb225 97.496074 237.468565 144.496074 275.468565
sb226 254.251915 259.843557 293.251915 275.843557
sb227 208.632860 208.484551 221.632860 240.484551
sb228 181.831760 239.696533 202.831760 259.696533
sb229 74.535022 229.631461 98.535022 277.631461
sb230 263.708004 245.760191 293.708004 278.760191
sb231 281.239750 125.721248 297.239750 155.721248
sb232 94.392039 99.739555 136.392039 122.739555
sb233 182.378232 218.805230 198.378232 231.805230
sb234 130.408836 275.037306 163.408836 293.037306
sb235 87.250517 73.747656 109.250517 119.747656
sb236 192.611275 223.627066 219.611275 262.627066
sb237 36.846202 188.678258 57.846202 228.678258
sb238 306.000000 87.924759 333.000000 126.924759
sb239 88.764766 22.232397 128.764766 44.232397
sb240 268.097575 152.739341 291.097575 171.739341
sb241 26.412586 203.293914 39.412586 227.293914
sb242 287.830037 108.463442 309.830037 148.463442
sb243 233.284749 254.528700 270.284749 288.528700
sb244 229.229085 143.656840 266.229085 156.656840
sb245 259.986475 302.450581 295.986475 326.450581
sb246 115.754007 271.974424 138.754007 315.974424
sb247 154.458319 127.370289 190.458319 166.370289
sb248 36.419693 276.829336 79.419693 307.829336
sb249 0.000000 306.000000 35.000000 333.000000
sb250 109.578243 135.040312 140.578243 169.040312
sb251 155.741290 184.044216 198.741290 218.044216
sb252 126.120090 145.872318 145.120090 173.872318
sb253 124.591774 74.778187 139.591774 87.778187
sb254 146.205884 179.083362 170.205884 192.083362
sb255 114.613105 294.000000 161.613105 333.000000
sb256 35.541693 244.767163 56.541693 257.767163
sb257 75.726804 91.141466 92.726804 124.141466
sb258 0.000000 168.734578 44.000000 202.734578
sb259 259.974396 154.081000 285.974396 166.081000
sb260 158.627304 118.149419 177.627304 130.149419
sb261 197.881707 188.791825 209.881707 233.791825
sb262 146.238204 227.798766 173.238204 275.798766
sb263 0.000000 134.897380 47.000000 180.897380
sb264 180.305382 27.043736 225.305382 50.043736
sb265 188.818175 136.898723 233.818175 151.898723
sb266 198.393843 285.000000 243.393843 333.000000
sb267 156.789498 74.600168 190.789498 113.600168
sb268 224.692610 272.266717 246.692610 297.266717
sb269 296.000000 35.202635 333.000000 53.202635
sb270 120.068961 255.182351 143.068961 270.182351
sb271 45.721118 158.678570 87.721118 182.678570
sb272 0.000000 255.974757 24.000000 290.974757
sb273 249.191170 177.145543 270.191170 207.145543
sb274 56.447327 61.736446 89.447327 82.736446
sb275 113.157924 226.125698 135.157924 254.125698
sb276 108.872986 120.855090 139.872986 134.855090
sb277 271.009122 62.825223 283.009122 109.825223
sb278 0.000000 196.948942 13.000000 238.948942
sb279 77.639844 272.474533 116.639844 315.474533
sb280 31.528134 139.109485 62.528134 161.109485
sb281 199.912233 182.296332 229.912233 200.296332
sb282 28.392395 92.842494 72.392395 122.842494
sb283 273.464578 192.662098 286.464578 207.662098
sb284 223.353688 45.982842 253.353688 66.982842
sb285 96.163130 0.000000 109.163130 33.000000
sb286 138.704598 292.000000 174.704598 333.000000
sb287 207.422885 76.736343 249.422885 97.736343
sb288 305.000000 143.475064 333.000000 179.475064
sb289 300.000000 76.105065 333.000000 113.105065
sb290 158.518194 263.068027 174.518194 290.068027
sb291 134.053063 55.801173 162.053063 98.801173
sb292 209.176502 129.096240 233.176502 168.096240
sb293 145.742028 0.000000 188.742028 19.000000
sb294 85.476579 60.995093 102.476579 86.995093
sb295 190.137675 199.869825 233.137675 212.869825
sb296 51.599254 222.562514 67.599254 249.562514
sb297 285.225012 157.786568 323.225012 188.786568
sb298 263.518821 97.976748 296.518821 137.976748
sb299 52.193085 99.195695 65.193085 112.195695

[Iter 4000]
sb0 260.594323 165.894058 287.594323 180.894058
sb1 149.537078 192.901833 176.537078 208.901833
sb2 175.434100 36.108281 197.434100 62.108281
sb3 133.513689 156.264077 154.513689 201.264077
sb4 33.074958 7.784011 73.074958 52.784011
sb5 40.928373 103.730190 56.928373 129.730190
sb6 168.395375 108.041095 206.395375 135.041095
sb7 266.605804 82.517140 301.605804 111.517140
sb8 194.160966 145.782501 215.160966 181.782501
sb9 113.515619 308.000000 157.515619 333.000000
sb10 148.795817 227.825850 163.795817 258.825850
sb11 11.829699 118.278872 52.829699 142.278872
sb12 213.615188 160.853131 230.615188 179.853131
sb13 103.934556 162.616161 136.934556 210.616161
sb14 86.757079 43.525644 130.757079 64.525644
sb15 246.782156 185.835522 280.782156 200.835522
sb16 74.554204 206.041336 119.554204 248.041336
sb17 206.010021 73.065579 247.010021 110.065579
sb18 290.000000 199.382907 333.000000 243.382907
sb19 70.890770 204.884988 106.890770 227.884988
sb20 174.109413 215.765095 187.109413 232.765095
sb21 146.653123 1.322004 174.653123 45.322004
sb22 298.000000 198.924118 333.000000 227.924118
sb23 181.022731 316.000000 221.022731 333.000000
sb24 195.767674 289.006430 213.767674 313.006430
sb25 209.233808 211.439389 238.233808 254.439389
sb26 268.523445 174.595716 295.523445 192.595716
sb27 295.000000 258.993381 333.000000 298.993381
sb28 114.777710 76.711377 138.777710 88.711377
sb29 220.956403 99.768066 249.956403 129.768066
sb30 90.182179 148.462721 110.182179 176.462721
sb31 107.208902 64.868978 139.208902 100.868978
sb32 314.000000 239.405886 333.000000 261.405886
sb33 12.646121 80.613925 57.646121 126.613925
sb34 99.167253 224.000150 128.167253 236.000150
sb35 249.710660 135.641185 261.710660 161.641185
sb36 249.296323 225.436903 276.296323 255.436903
sb37 232.226292 304.000000 244.226292 333.000000
sb38 108.733652 224.020115 129.733652 243.020115
sb39 86.540434 90.753281 98.540434 103.753281
sb40 133.857751 198.069587 152.857751 245.069587
sb41 0.000000 179.182533 36.000000 198.182533
sb42 0.000000 154.009268 46.000000 179.009268
sb43 201.714994 41.729142 240.714994 62.729142
sb44 60.931215 181.730230 87.931215 205.730230
sb45 271.992054 232.630707 295.992054 257.630707
sb46 162.743324 168.973228 181.743324 181.973228
sb47 213.769559 164.652038 255.769559 204.652038
sb48 257.768411 176.864969 285.768411 210.864969
sb49 309.000000 218.857543 333.000000 266.857543
sb50 104.338489 134.485369 123.338489 148.485369
sb51 204.232946 302.085619 218.232946 318.085619
sb52 153.601452 0.000000 190.601452 18.000000
sb53 244.406841 112.583610 280.406841 124.583610
sb54 46.016788 127.814029 76.016788 161.814029
sb55 0.000000 138.927188 26.000000 169.927188
sb56 62.060034 110.144585 108.060034 141.144585
sb57 246.697397 36.806966 293.697397 84.806966
sb58 254.945498 270.667354 279.945498 295.667354
sb59 76.969969 260.232184 123.969969 298.232184
sb60 239.568778 144.498377 278.568778 160.498377
sb61 118.994127 103.496040 149.994127 148.496040
sb62 67.125117 217.195847 113.125117 253.195847
sb63 121.093357 95.888128 157.093357 141.888128
sb64 290.235978 211.533202 323.235978 226.533202
sb65 237.485383 172.030439 250.485383 195.030439
sb66 247.198305 48.610448 289.198305 93.610448
sb67 229.734447 0.000000 243.734447 33.000000
sb68 105.286260 0.000000 133.286260 45.000000
sb69 219.936773 217.982050 255.936773 244.982050
sb70 186.640685 207.342204 202.640685 252.342204
sb71 203.784635 0.000000 237.784635 32.000000
sb72 83.578975 73.968249 115.578975 88.968249
sb73 191.712180 42.167007 203.712180 88.167007
sb74 191.384541 299.000000 234.384541 333.000000
sb75 274.074455 181.235842 294.074455 218.235842
sb76 250.332037 0.000000 289.332037 36.000000
sb77 206.217855 267.715748 246.217855 285.715748
sb78 0.000000 181.306626 42.000000 197.306626
sb79 218.308798 252.378402 258.308798 277.378402
sb80 36.740854 281.189683 72.740854 296.189683
sb81 85.535460 139.535539 100.535460 171.535539
sb82 156.985255 31.509539 195.985255 55.509539
sb83 123.351787 0.000000 160.351787 41.000000
sb84 0.000000 281.386285 34.000000 319.386285
sb85 177.920284 100.277407 211.920284 143.277407
sb86 218.121992 0.000000 257.121992 44.000000
sb87 194.304208 117.023892 239.304208 165.023892
sb88 210.984108 44.433920 239.984108 88.433920
sb89 257.447383 0.000000 277.447383 42.000000
sb90 244.573255 137.018566 290.573255 161.018566
sb91 83.202171 312.000000 126.202171 333.000000
sb92 288.000000 255.312540 333.000000 302.312540
sb93 56.443704 15.267728 76.443704 39.267728
sb94 248.641326 162.287868 279.641326 181.287868
sb95 254.107003 237.489126 298.107003 274.489126
sb96 73.192067 117.357060 119.192067 150.357060
sb97 229.874392 213.594030 269.874392 228.594030
sb98 232.719049 296.916244 245.719049 331.916244
sb99 198.803915 192.863767 238.803915 209.863767
sb100 277.813450 0.000000 321.813450 45.000000
sb101 293.428087 182.629764 323.428087 218.629764
sb102 34.380762 244.767215 74.380762 280.767215
sb103 192.693241 39.474037 226.693241 73.474037
sb104 130.608584 259.375388 172.608584 273.375388
sb105 42.523781 8.680347 77.523781 41.680347
sb106 230.502118 15.962819 242.502118 48.962819
sb107 30.756117 167.116769 62.756117 182.116769
sb108 139.423422 295.000000 176.423422 333.000000
sb109 48.059777 164.136269 90.059777 210.136269
sb110 241.743622 59.058177 280.743622 101.058177
sb111 88.801151 243.150986 101.801151 264.150986
sb112 196.846759 93.960045 226.846759 118.960045
sb113 156.249824 73.914361 192.249824 97.914361
sb114 299.000000 112.788831 333.000000 156.788831
sb115 76.758194 170.057211 110.758194 192.057211
sb116 146.716681 157.625474 174.716681 176.625474
sb117 171.969105 263.771756 210.969105 284.771756
sb118 242.509470 107.502837 286.509470 145.502837
sb119 127.475069 201.410996 155.475069 246.410996
sb120 1.992500 0.000000 37.992500 36.000000
sb121 133.214858 147.316382 167.214858 185.316382
sb122 0.000000 104.910175 43.000000 124.910175
sb123 2.676548 204.983444 25.676548 240.983444
sb124 167.286931 162.174403 198.286931 197.174403
sb125 74.042199 0.000000 120.042199 42.000000
sb126 225.896379 226.773643 247.896379 238.773643
sb127 37.336189 187.601142 62.336189 230.601142
sb128 40.092336 247.813041 84.092336 275.813041
sb129 93.963921 188.540229 127.963921 210.540229
sb130 234.481906 307.000000 264.481906 333.000000
sb131 16.477467 218.196520 64.477467 263.196520
sb132 185.461241 155.048348 203.461241 194.048348
sb133 260.465130 290.000000 275.465130 333.000000
sb134 156.581106 194.326552 190.581106 241.326552
sb135 53.027568 156.318419 98.027568 171.318419
sb136 148.450499 143.773694 185.450499 155.773694
sb137 0.000000 118.854690 21.000000 146.854690
sb138 234.848010 207.370126 276.848010 235.370126
sb139 147.565431 34.772710 183.565431 71.772710
sb140 321.000000 172.215379 333.000000 215.215379
sb141 187.552413 250.100401 206.552413 295.100401
sb142 306.000000 106.037266 333.000000 143.037266
sb143 125.145722 35.573929 149.145722 60.573929
sb144 76.543192 120.962779 91.543192 160.962779
sb145 92.887430 261.131274 105.887430 306.131274
sb146 151.094903 71.587829 199.094903 104.587829
sb147 62.017150 88.798612 92.017150 130.798612
sb148 208.435536 203.172074 226.435536 223.172074
sb149 259.269058 115.577080 306.269058 137.577080
sb150 229.329406 302.000000 252.329406 333.000000
sb151 33.323275 260.972857 51.323275 302.972857
sb152 68.045953 182.478539 84.045953 201.478539
sb153 0.000000 73.855558 41.000000 103.855558
sb154 13.963802 50.340658 35.963802 67.340658
sb155 48.923839 50.696346 73.923839 64.696346
sb156 216.186064 124.210409 244.186064 140.210409
sb157 167.085589 219.792833 187.085589 244.792833
sb158 49.489827 101.374278 72.489827 114.374278
sb159 289.000000 155.875494 333.000000 187.875494
sb160 291.674013 46.002113 318.674013 62.002113
sb161 140.194596 286.000000 186.194596 333.000000
sb162 98.547807 107.434603 129.547807 125.434603
sb163 225.598253 243.351146 258.598253 265.351146
sb164 297.000000 42.638442 333.000000 83.638442
sb165 15.873452 19.041491 36.873452 36.041491
sb166 149.495470 244.893001 183.495470 280.893001
sb167 297.000000 163.504277 333.000000 200.504277
sb168 309.000000 38.078490 333.000000 79.078490
sb169 45.901712 50.816481 69.901712 89.816481
sb170 141.594779 100.185935 170.594779 145.185935
sb171 182.508793 250.020552 204.508793 290.020552
sb172 181.051839 79.997301 208.051839 92.997301
sb173 48.732344 169.075989 73.732344 201.075989
sb174 27.161363 65.315905 70.161363 81.315905
sb175 15.752970 146.245222 30.752970 162.245222
sb176 88.166351 151.065782 121.166351 189.065782
sb177 94.712077 35.515460 135.712077 72.515460
sb178 135.620545 9.432997 152.620545 28.432997
sb179 44.846499 299.000000 90.846499 333.000000
sb180 294.609225 293.000000 313.609225 333.000000
sb181 157.042998 238.325449 187.042998 266.325449
sb182 175.342561 3.968221 220.342561 27.968221
sb183 157.241494 104.995172 190.241494 143.995172
sb184 135.777755 52.822449 181.777755 77.822449
sb185 200.630232 85.176640 227.630232 119.176640
sb186 0.000000 206.014288 31.000000 239.014288
sb187 260.160741 210.189792 296.160741 248.189792
sb188 261.576484 293.000000 298.576484 333.000000
sb189 93.007972 58.319732 137.007972 70.319732
sb190 106.240701 77.391128 143.240701 104.391128
sb191 223.444468 165.269307 239.444468 199.269307
sb192 222.888248 146.769702 251.888248 194.769702
sb193 201.382349 274.989117 234.382349 291.989117
sb194 278.909412 150.725309 306.909412 163.725309
sb195 124.161853 216.458742 157.161853 229.458742
sb196 0.000000 239.591634 41.000000 280.591634
sb197 43.589691 215.361836 80.589691 243.361836
sb198 116.222457 277.343489 164.222457 296.343489
sb199 107.941342 252.844717 138.941342 288.844717
sb200 24.240096 40.565669 67.240096 77.565669
sb201 171.507916 203.096292 197.507916 232.096292
sb202 166.201427 153.694242 200.201427 192.694242
sb203 0.000000 158.023634 15.000000 186.023634
sb204 65.384714 75.454525 106.384714 108.454525
sb205 118.512070 200.246559 139.512070 215.246559
sb206 0.000000 37.504941 42.000000 72.504941
sb207 72.126385 0.000000 105.126385 28.000000
sb208 185.594615 52.985384 212.594615 72.985384
sb209 159.958773 0.000000 204.958773 36.000000
sb210 217.723399 57.609680 230.723399 81.609680
sb211 238.661121 99.671792 254.661121 111.671792
sb212 234.210204 286.069612 255.210204 328.069612
sb213 243.766046 203.568994 275.766046 217.568994
sb214 298.439042 0.000000 315.439042 27.000000
sb215 111.501895 161.550821 140.501895 182.550821
sb216 223.319194 108.711072 265.319194 127.711072
sb217 77.297839 0.000000 97.297839 48.000000
sb218 42.104801 135.569963 85.104801 150.569963
sb219 91.353468 231.643871 119.353468 249.643871
sb220 200.877354 233.237970 230.877354 270.237970
sb221 0.000000 234.364293 13.000000 279.364293
sb222 77.307398 37.428410 111.307398 62.428410
sb223 86.392572 191.264675 108.392572 210.264675
sb224 100.743490 188.435168 145.743490 209.435168
sb225 82.970740 250.058974 129.970740 288.058974
sb226 248.915318 265.373226 287.915318 281.373226
sb227 198.043239 210.375928 211.043239 242.375928
sb228 176.716361 244.920388 197.716361 264.920388
sb229 68.082505 255.897494 92.082505 303.897494
sb230 263.749932 246.727417 293.749932 279.727417
sb231 281.552865 125.734400 297.552865 155.734400
sb232 104.450301 90.043119 146.450301 113.043119
sb233 166.826365 224.039896 182.826365 237.039896
sb234 138.245339 276.117602 171.245339 294.117602
sb235 83.138560 72.538642 105.138560 118.538642
sb236 199.022217 221.900804 226.022217 260.900804
sb237 31.695594 188.884760 52.695594 228.884760
sb238 306.000000 73.746671 333.000000 112.746671
sb239 94.036459 0.000000 134.036459 22.000000
sb240 268.293842 153.437192 291.293842 172.437192
sb241 31.521014 215.557605 44.521014 239.557605
sb242 299.435919 103.351177 321.435919 143.351177
sb243 223.739996 260.980127 260.739996 294.980127
sb244 224.844247 138.253617 261.844247 151.253617
sb245 264.178032 309.000000 300.178032 333.000000
sb246 112.834637 289.000000 135.834637 333.000000
sb247 149.019285 130.436578 185.019285 169.436578
sb248 6.337939 286.558356 49.337939 317.558356
sb249 0.000000 306.000000 35.000000 333.000000
sb250 109.164978 128.129499 140.164978 162.129499
sb251 147.633811 186.847144 190.633811 220.847144
sb252 116.993271 145.937738 135.993271 173.937738
sb253 122.810575 75.128752 137.810575 88.128752
sb254 135.454354 174.909058 159.454354 187.909058
sb255 90.928393 294.000000 137.928393 333.000000
sb256 26.585263 250.845446 47.585263 263.845446
sb257 69.618644 71.989060 86.618644 104.989060
sb258 0.000000 182.391610 44.000000 216.391610
sb259 254.122151 159.456058 280.122151 171.456058
sb260 162.531971 123.138665 181.531971 135.138665
sb261 204.631776 188.277817 216.631776 233.277817
sb262 130.808371 229.684525 157.808371 277.684525
sb263 0.000000 131.660131 47.000000 177.660131
sb264 184.418807 16.277552 229.418807 39.277552
sb265 188.925328 133.045973 233.925328 148.045973
sb266 179.655667 285.000000 224.655667 333.000000
sb267 154.657439 74.176622 188.657439 113.176622
sb268 224.020128 275.879370 246.020128 300.879370
sb269 296.000000 16.127080 333.000000 34.127080
sb270 125.063905 255.242767 148.063905 270.242767
sb271 32.873866 146.300403 74.873866 170.300403
sb272 0.000000 246.800831 24.000000 281.800831
sb273 249.367294 177.353185 270.367294 207.353185
sb274 60.094874 53.841597 93.094874 74.841597
sb275 117.074325 226.757343 139.074325 254.757343
sb276 99.174705 121.786869 130.174705 135.786869
sb277 280.334368 60.869450 292.334368 107.869450
sb278 0.000000 186.516272 13.000000 228.516272
sb279 49.054055 286.128021 88.054055 329.128021
sb280 33.657389 127.660470 64.657389 149.660470
sb281 189.112786 182.690346 219.112786 200.690346
sb282 19.319039 81.515645 63.319039 111.515645
sb283 273.458209 192.898373 286.458209 207.898373
sb284 217.784059 45.050765 247.784059 66.050765
sb285 113.706565 8.483744 126.706565 41.483744
sb286 154.418193 292.000000 190.418193 333.000000
sb287 213.235798 78.274882 255.235798 99.274882
sb288 305.000000 132.307493 333.000000 168.307493
sb289 300.000000 79.141688 333.000000 116.141688
sb290 160.392997 261.669972 176.392997 288.669972
sb291 138.282237 42.565808 166.282237 85.565808
sb292 200.408280 142.844220 224.408280 181.844220
sb293 124.646040 0.000000 167.646040 19.000000
sb294 74.396274 53.697519 91.396274 79.697519
sb295 199.676841 198.009672 242.676841 211.009672
sb296 56.386356 217.839595 72.386356 244.839595
sb297 292.804340 152.644977 330.804340 183.644977
sb298 260.365417 93.907535 293.365417 133.907535
sb299 52.362445 93.864038 65.362445 106.864038

[Iter 5000]
sb0 265.465593 163.905254 292.465593 178.905254
sb1 146.003282 198.087028 173.003282 214.087028
sb2 185.316919 31.246909 207.316919 57.246909
sb3 126.172673 157.127176 147.172673 202.127176
sb4 20.972455 2.630709 60.972455 47.630709
sb5 46.449770 95.756753 62.449770 121.756753
sb6 178.658290 104.048345 216.658290 131.048345
sb7 266.120530 88.304677 301.120530 117.304677
sb8 194.852202 145.988365 215.852202 181.988365
sb9 123.213036 308.000000 167.213036 333.000000
sb10 142.051440 232.543628 157.051440 263.543628
sb11 0.000000 113.549753 41.000000 137.549753
sb12 213.651520 151.199629 230.651520 170.199629
sb13 99.139469 154.622353 132.139469 202.622353
sb14 86.813791 43.821196 130.813791 64.821196
sb15 251.898700 186.861483 285.898700 201.861483
sb16 73.721757 206.878880 118.721757 248.878880
sb17 204.948982 67.913267 245.948982 104.913267
sb18 290.000000 218.859838 333.000000 262.859838
sb19 62.964205 205.222239 98.964205 228.222239
sb20 188.824032 213.614131 201.824032 230.614131
sb21 154.399647 0.000000 182.399647 44.000000
sb22 298.000000 216.625907 333.000000 245.625907
sb23 165.419987 316.000000 205.419987 333.000000
sb24 175.959746 287.096240 193.959746 311.096240
sb25 210.047828 209.076380 239.047828 252.076380
sb26 270.959501 166.822183 297.959501 184.822183
sb27 295.000000 293.000000 333.000000 333.000000
sb28 118.811019 76.138926 142.811019 88.138926
sb29 230.208168 97.213993 259.208168 127.213993
sb30 72.741803 149.523510 92.741803 177.523510
sb31 96.797512 66.363195 128.797512 102.363195
sb32 309.581880 265.789989 328.581880 287.789989
sb33 0.000000 82.334033 45.000000 128.334033
sb34 93.054496 224.040965 122.054496 236.040965
sb35 243.901674 138.598295 255.901674 164.598295
sb36 250.686773 224.607586 277.686773 254.607586
sb37 220.174353 304.000000 232.174353 333.000000
sb38 104.972381 216.433589 125.972381 235.433589
sb39 83.596564 90.747831 95.596564 103.747831
sb40 134.887030 201.930650 153.887030 248.930650
sb41 0.000000 181.597409 36.000000 200.597409
sb42 0.000000 155.362224 46.000000 180.362224
sb43 195.959899 35.735288 234.959899 56.735288
sb44 66.972888 181.480794 93.972888 205.480794
sb45 270.869606 249.648789 294.869606 274.648789
sb46 157.605084 167.911876 176.605084 180.911876
sb47 219.727901 157.436927 261.727901 197.436927
sb48 263.301000 172.571235 291.301000 206.571235
sb49 309.000000 244.817730 333.000000 292.817730
sb50 108.882065 134.084603 127.882065 148.084603
sb51 188.469854 296.449256 202.469854 312.449256
sb52 150.070180 0.000000 187.070180 18.000000
sb53 254.178583 113.376185 290.178583 125.376185
sb54 30.919922 126.369441 60.919922 160.369441
sb55 7.991585 135.581607 33.991585 166.581607
sb56 51.056680 91.399954 97.056680 122.399954
sb57 248.236074 39.136429 295.236074 87.136429
sb58 254.357345 267.686622 279.357345 292.686622
sb59 83.362645 262.674041 130.362645 300.674041
sb60 248.798814 144.002017 287.798814 160.002017
sb61 107.518313 103.453099 138.518313 148.453099
sb62 58.606326 221.221688 104.606326 257.221688
sb63 110.376876 99.722349 146.376876 145.722349
sb64 294.965174 211.452181 327.965174 226.452181
sb65 239.003072 181.323682 252.003072 204.323682
sb66 246.581992 47.134668 288.581992 92.134668
sb67 231.533211 0.000000 245.533211 33.000000
sb68 96.592035 0.000000 124.592035 45.000000
sb69 226.132717 209.081472 262.132717 236.081472
sb70 187.325806 207.980414 203.325806 252.980414
sb71 202.066803 0.000000 236.066803 32.000000
sb72 83.544275 69.936183 115.544275 84.936183
sb73 186.259103 47.073126 198.259103 93.073126
sb74 204.870150 299.000000 247.870150 333.000000
sb75 276.759949 194.066830 296.759949 231.066830
sb76 250.491317 0.000000 289.491317 36.000000
sb77 206.091234 264.525851 246.091234 282.525851
sb78 26.318249 178.984726 68.318249 194.984726
sb79 228.833823 248.956937 268.833823 273.956937
sb80 36.750083 282.829450 72.750083 297.829450
sb81 94.150808 138.273132 109.150808 170.273132
sb82 153.193881 28.474489 192.193881 52.474489
sb83 115.811955 0.000000 152.811955 41.000000
sb84 0.000000 272.277167 34.000000 310.277167
sb85 175.428906 96.933037 209.428906 139.933037
sb86 225.226464 0.000000 264.226464 44.000000
sb87 182.506126 117.175688 227.506126 165.175688
sb88 220.466076 39.551051 249.466076 83.551051
sb89 266.524370 0.000000 286.524370 42.000000
sb90 248.537576 136.172615 294.537576 160.172615
sb91 88.253374 312.000000 131.253374 333.000000
sb92 288.000000 285.948494 333.000000 332.948494
sb93 37.512339 10.982374 57.512339 34.982374
sb94 243.844464 163.664275 274.844464 182.664275
sb95 266.271413 233.004123 310.271413 270.004123
sb96 60.112286 116.761366 106.112286 149.761366
sb97 230.789088 207.860783 270.789088 222.860783
sb98 225.316595 275.107203 238.316595 310.107203
sb99 198.025416 187.256809 238.025416 204.256809
sb100 289.000000 0.000000 333.000000 45.000000
sb101 298.280461 180.230788 328.280461 216.230788
sb102 42.046273 247.297408 82.046273 283.297408
sb103 187.364471 38.949424 221.364471 72.949424
sb104 122.392892 257.810717 164.392892 271.810717
sb105 44.450560 5.109134 79.450560 38.109134
sb106 229.796434 4.067880 241.796434 37.067880
sb107 31.521402 162.094017 63.521402 177.094017
sb108 132.094346 295.000000 169.094346 333.000000
sb109 47.062465 171.980761 89.062465 217.980761
sb110 251.467733 57.570565 290.467733 99.570565
sb111 95.462322 245.487885 108.462322 266.487885
sb112 206.805770 85.429618 236.805770 110.429618
sb113 163.945149 71.516396 199.945149 95.516396
sb114 299.000000 126.338287 333.000000 170.338287
sb115 80.149483 169.597496 114.149483 191.597496
sb116 148.593403 152.415803 176.593403 171.415803
sb117 173.891945 261.527971 212.891945 282.527971
sb118 229.077242 106.290531 273.077242 144.290531
sb119 126.304068 199.253044 154.304068 244.253044
sb120 0.595148 0.000000 36.595148 36.000000
sb121 135.252758 151.720708 169.252758 189.720708
sb122 0.000000 103.055109 43.000000 123.055109
sb123 0.000000 214.759168 23.000000 250.759168
sb124 166.813025 161.427674 197.813025 196.427674
sb125 64.061370 0.000000 110.061370 42.000000
sb126 232.867891 223.433903 254.867891 235.433903
sb127 34.194279 192.735891 59.194279 235.735891
sb128 40.341605 252.165169 84.341605 280.165169
sb129 85.573622 188.392295 119.573622 210.392295
sb130 219.577074 307.000000 249.577074 333.000000
sb131 4.396861 223.637435 52.396861 268.637435
sb132 182.947132 152.459698 200.947132 191.459698
sb133 244.859317 276.976580 259.859317 319.976580
sb134 160.155103 195.276920 194.155103 242.276920
sb135 47.446057 146.018332 92.446057 161.018332
sb136 161.797117 139.678072 198.797117 151.678072
sb137 0.000000 120.047261 21.000000 148.047261
sb138 241.750545 204.930549 283.750545 232.930549
sb139 140.946651 35.531457 176.946651 72.531457
sb140 321.000000 187.631144 333.000000 230.631144
sb141 184.678512 249.499723 203.678512 294.499723
sb142 306.000000 110.425256 333.000000 147.425256
sb143 117.285429 35.354396 141.285429 60.354396
sb144 82.293919 120.535891 97.293919 160.535891
sb145 81.609823 267.327999 94.609823 312.327999
sb146 144.923962 73.921825 192.923962 106.921825
sb147 68.129531 86.020670 98.129531 128.020670
sb148 201.962154 197.024368 219.962154 217.024368
sb149 268.992067 111.313342 315.992067 133.313342
sb150 206.475127 302.000000 229.475127 333.000000
sb151 22.703340 267.734700 40.703340 309.734700
sb152 57.552060 177.740200 73.552060 196.740200
sb153 0.000000 73.275948 41.000000 103.275948
sb154 6.609743 45.111586 28.609743 62.111586
sb155 42.851489 44.985940 67.851489 58.985940
sb156 217.576078 119.976061 245.576078 135.976061
sb157 163.444357 223.752885 183.444357 248.752885
sb158 40.088976 101.157172 63.088976 114.157172
sb159 289.000000 172.989894 333.000000 204.989894
sb160 293.177435 40.730409 320.177435 56.730409
sb161 122.396427 286.000000 168.396427 333.000000
sb162 104.224272 105.383314 135.224272 123.383314
sb163 229.246837 240.419034 262.246837 262.419034
sb164 297.000000 47.248199 333.000000 88.248199
sb165 2.085710 15.088956 23.085710 32.088956
sb166 156.457460 243.669357 190.457460 279.669357
sb167 297.000000 179.244804 333.000000 216.244804
sb168 309.000000 37.841109 333.000000 78.841109
sb169 46.025727 46.635286 70.025727 85.635286
sb170 148.854347 96.744933 177.854347 141.744933
sb171 191.669408 249.025776 213.669408 289.025776
sb172 188.779788 73.892612 215.779788 86.892612
sb173 44.462027 172.015940 69.462027 204.015940
sb174 13.923494 59.621228 56.923494 75.621228
sb175 1.305516 143.728094 16.305516 159.728094
sb176 78.368764 150.689307 111.368764 188.689307
sb177 101.499334 34.844907 142.499334 71.844907
sb178 141.392912 5.963126 158.392912 24.963126
sb179 45.657947 299.000000 91.657947 333.000000
sb180 274.857319 293.000000 293.857319 333.000000
sb181 158.282795 234.449357 188.282795 262.449357
sb182 178.403034 0.000000 223.403034 24.000000
sb183 142.360241 108.349361 175.360241 147.349361
sb184 131.927052 51.986275 177.927052 76.986275
sb185 191.843339 82.390217 218.843339 116.390217
sb186 0.000000 198.453438 31.000000 231.453438
sb187 256.107838 214.912945 292.107838 252.912945
sb188 248.373428 293.000000 285.373428 333.000000
sb189 87.945056 58.010753 131.945056 70.010753
sb190 94.966217 76.671847 131.966217 103.671847
sb191 225.525166 154.831155 241.525166 188.831155
sb192 222.571818 141.066363 251.571818 189.066363
sb193 210.648053 273.410183 243.648053 290.410183
sb194 280.953692 144.069450 308.953692 157.069450
sb195 114.783346 215.876777 147.783346 228.876777
sb196 0.000000 249.541879 41.000000 290.541879
sb197 38.362946 218.485050 75.362946 246.485050
sb198 126.923552 277.638102 174.923552 296.638102
sb199 98.608796 248.073374 129.608796 284.073374
sb200 0.603376 40.333102 43.603376 77.333102
sb201 170.906657 208.881586 196.906657 237.881586
sb202 170.114437 164.327508 204.114437 203.327508
sb203 0.000000 165.925402 15.000000 193.925402
sb204 47.880924 55.293190 88.880924 88.293190
sb205 112.818625 198.017456 133.818625 213.017456
sb206 0.000000 36.496996 42.000000 71.496996
sb207 61.915149 0.000000 94.915149 28.000000
sb208 192.875489 46.991028 219.875489 66.991028
sb209 155.984173 0.000000 200.984173 36.000000
sb210 210.955455 53.326127 223.955455 77.326127
sb211 234.241257 94.210949 250.241257 106.210949
sb212 247.282798 280.115246 268.282798 322.115246
sb213 238.198657 194.299448 270.198657 208.299448
sb214 300.190047 5.476605 317.190047 32.476605
sb215 115.915150 161.289859 144.915150 182.289859
sb216 220.581285 105.564343 262.581285 124.564343
sb217 81.144215 0.000000 101.144215 48.000000
sb218 46.704980 125.796515 89.704980 140.796515
sb219 90.636677 231.429242 118.636677 249.429242
sb220 203.220167 222.862221 233.220167 259.862221
sb221 0.000000 214.439740 13.000000 259.439740
sb222 67.963237 37.463222 101.963237 62.463222
sb223 92.463714 196.230484 114.463714 215.230484
sb224 105.822267 189.219104 150.822267 210.219104
sb225 83.276725 250.334341 130.276725 288.334341
sb226 256.074980 271.669311 295.074980 287.669311
sb227 198.390339 216.543345 211.390339 248.543345
sb228 171.214263 253.091397 192.214263 273.091397
sb229 56.190109 258.198364 80.190109 306.198364
sb230 275.016875 252.369370 305.016875 285.369370
sb231 282.189330 124.100008 298.189330 154.100008
sb232 109.935860 87.581314 151.935860 110.581314
sb233 165.776596 215.652375 181.776596 228.652375
sb234 137.458461 273.060490 170.458461 291.060490
sb235 71.436861 71.174947 93.436861 117.174947
sb236 206.520632 220.720101 233.520632 259.720101
sb237 21.710573 194.851882 42.710573 234.851882
sb238 306.000000 73.236196 333.000000 112.236196
sb239 96.951716 0.000000 136.951716 22.000000
sb240 269.057225 135.595950 292.057225 154.595950
sb241 26.322224 230.948775 39.322224 254.948775
sb242 311.000000 100.251439 333.000000 140.251439
sb243 223.246587 252.636327 260.246587 286.636327
sb244 234.454291 137.423099 271.454291 150.423099
sb245 241.883921 309.000000 277.883921 333.000000
sb246 95.679216 288.117407 118.679216 332.117407
sb247 145.048615 129.925458 181.048615 168.925458
sb248 0.000000 296.990323 43.000000 327.990323
sb249 0.000000 306.000000 35.000000 333.000000
sb250 117.876798 125.214361 148.876798 159.214361
sb251 144.329090 184.763032 187.329090 218.763032
sb252 110.832634 148.660457 129.832634 176.660457
sb253 117.739455 75.135012 132.739455 88.135012
sb254 136.997707 175.915264 160.997707 188.915264
sb255 84.298902 294.000000 131.298902 333.000000
sb256 31.472643 251.041282 52.472643 264.041282
sb257 56.839824 67.672825 73.839824 100.672825
sb258 0.000000 185.261472 44.000000 219.261472
sb259 265.093328 159.427797 291.093328 171.427797
sb260 156.226053 125.932745 175.226053 137.932745
sb261 211.024529 183.766474 223.024529 228.766474
sb262 131.665981 225.335962 158.665981 273.335962
sb263 0.000000 133.001611 47.000000 179.001611
sb264 191.568779 9.014129 236.568779 32.014129
sb265 199.021012 126.657555 244.021012 141.657555
sb266 172.387857 285.000000 217.387857 333.000000
sb267 143.847525 76.432621 177.847525 115.432621
sb268 213.532588 274.787651 235.532588 299.787651
sb269 296.000000 5.985401 333.000000 23.985401
sb270 128.483445 254.952058 151.483445 269.952058
sb271 40.418879 141.188968 82.418879 165.188968
sb272 0.000000 243.153584 24.000000 278.153584
sb273 256.260012 171.337430 277.260012 201.337430
sb274 62.922710 50.155536 95.922710 71.155536
sb275 118.949759 225.401600 140.949759 253.401600
sb276 86.941190 120.956488 117.941190 134.956488
sb277 291.369458 56.756815 303.369458 103.756815
sb278 0.000000 160.589993 13.000000 202.589993
sb279 43.369147 290.000000 82.369147 333.000000
sb280 36.704915 121.054108 67.704915 143.054108
sb281 197.127884 183.387124 227.127884 201.387124
sb282 7.720623 77.167507 51.720623 107.167507
sb283 277.622451 192.867693 290.622451 207.867693
sb284 217.235352 42.558989 247.235352 63.558989
sb285 118.749502 6.439572 131.749502 39.439572
sb286 166.665239 292.000000 202.665239 333.000000
sb287 211.008752 76.464845 253.008752 97.464845
sb288 305.000000 143.479008 333.000000 179.479008
sb289 300.000000 88.118942 333.000000 125.118942
sb290 155.702958 265.673054 171.702958 292.673054
sb291 145.384874 39.919516 173.384874 82.919516
sb292 196.817930 137.602320 220.817930 176.602320
sb293 118.627949 0.000000 161.627949 19.000000
sb294 54.621355 33.893447 71.621355 59.893447
sb295 201.418264 195.258843 244.418264 208.258843
sb296 54.881840 213.005239 70.881840 240.005239
sb297 295.000000 148.622699 333.000000 179.622699
sb298 260.377368 93.162961 293.377368 133.162961
sb299 52.330640 86.882196 65.330640 99.882196

