495869.409411
495869.409411
27964568.395846
5862.38797982975 4770.16678051011
6.571784
BLKB 0 5288.53098594773 2257.78513110582 6583.53098594773 2873.78513110582
BLKD 0 4529.14300611798 1767.78513110582 5824.14300611798 2257.78513110582
BLKLL 0 3234.14300611798 573.951911615932 4529.14300611798 3107.95191161593
BLKLR 0 1939.14300611798 603.318971809978 3234.14300611798 3172.31897180998
BLKP 0 4532.53098594773 2257.78513110582 5288.53098594773 3097.78513110582
BLKRC 0 4529.14300611798 3097.78513110582 5691.14300611798 5036.78513110582
BLKRS 0 721.143006117978 1982.98967159144 1939.14300611798 3634.98967159144
BLKT 0 4529.14300611798 451.785131105818 5411.14300611798 1767.78513110582
BLKUL 0 3234.14300611798 3107.95191161593 4529.14300611798 5221.95191161593
BLKUR 0 1939.14300611798 3172.31897180998 3234.14300611798 5111.31897180998
