85913.376289
85913.376289
2116.000000
46 46
22.936264
r0 2 9.869279 8.34531566666667 12.39418 11.4307436666667
r1 2 17.502045 8.569974 19.759928 12.020285
r2 2 25.7773696666667 17.8539605 28.6562946666667 20.5599705
r3 2 36.118399 13.251306 39.269904 15.723268
r4 2 25.452877 10.1373785 28.725885 12.5175745
r5 2 32.796292 7.308705 35.766082 9.931921
r6 0 36.1347441237407 7.49560620922034 37.8787301237407 9.58978520922034
r7 0 30.7556985447955 10.8369311144433 33.4367415447955 12.1991691144433
r8 0 26.655491 9.65017342045494 28.7736 11.3744564204549
r9 0 23.0263659061069 11.4299 24.6325409061069 13.703762
r10 0 18.7779837457678 6.39691715589951 20.3855217457678 8.66885015589951
r11 0 14.0657056040514 0.169072755485586 15.9565646040514 2.10058575548559
r12 0 6.186971 1.64582442060859 8.06919 3.58620342060859
r13 0 1.95187914288506 3.57281028496825 4.19175714288506 5.20335428496825
r14 0 2.21259742779265 8.99435283397 4.13836742779265 10.89085083397
r15 0 2.88481341176862 15.767079111391 6.03000841176861 18.075987111391
r16 2 7.853922 0.253432000000001 13.107411 7.898835
r17 2 15.6227 21.6189716666667 18.16461 24.6837526666667
r18 2 0 23.408283 3.521898 26.0969
r19 2 34.54309 27.358813 36.865968 30.712584
r20 2 34.453588 24.69113 37.373875 27.358813
r21 2 34.40639 18.940218 37.009033 21.933482
r22 2 35.766082 8.835994 39.666041 10.833553
r23 0 32.7718811011132 14.5966656743343 35.2394831011132 16.0767336743343
r24 0 29.1431077927049 13.3506048119114 30.9704617927049 15.3492428119114
r25 0 26.6665959920447 13.5691876621592 28.7507229920447 15.3215856621592
r26 0 24.0704604782914 13.8521966133859 26.4027584782914 15.4181276133859
r27 0 18.4530159154298 8.91462684613156 20.0133269154298 11.2553268461316
r28 0 12.8593 3.4841 14.4231 5.8197
r29 0 4.54753325895518 3.58620342060859 6.50589825895518 5.45113542060859
r30 0 2.115003 6.96275883397 3.912714 8.99435283397
r31 1 2.581829 12.5263 5.076921 14.949284
r32 1 2.59192732947935 18.0553478394363 5.38310632947935 20.2213028394363
r33 1 8.02271132947936 17.6427331812104 10.0883733294794 20.5694301812104
r34 1 14.3731316880426 24.3623437255462 16.5797356880426 27.1021047255462
r35 2 18.16461 22.1601765 20.707909 25.2232845
r36 2 23.594916 25.35022 26.433921 28.09428
r37 2 29.527736 24.230809 31.568507 28.048189
r38 2 36.865968 28.641871 40.209852 30.971617
r39 2 42.314444 23.0336 46 25.602827
r40 0 32.9984856513931 20.3335377582561 35.2877356513931 21.9289157582561
r41 0 29.1147676513931 21.2350548675461 31.2459406513931 22.9487678675461
r42 0 26.6208750393311 21.1768904523169 28.7597460393311 22.8844354523169
r43 0 25.0418420967678 20.8138513903673 26.4047500967678 23.4935763903673
r44 0 18.2234583100645 23.6325881492713 18.3608863100645 23.8309831492713
r45 0 10.9769362278637 23.4555 13.5531312278637 24.87318
r46 0 2.10326356833464 23.091338292096 3.68738456833463 25.396856292096
r47 1 0.589348979235464 22.104972443718 2.68148697923546 24.994632443718
r48 1 2.74812906842892 23.4560096468415 6.06113006842892 25.2808106468415
r49 1 5.3260972503944 28.0951245278813 8.0931732503944 30.2799455278813
r50 1 8.06775241169226 25.2663416468415 11.1601214116923 27.2213376468415
r51 1 15.1251 27.6704854359213 18.076998 29.7185124359213
r52 1 18.076998 27.6569052625372 20.815303 29.8646822625372
r53 1 19.7982178197894 25.145364098495 22.4610628197894 27.415705098495
r54 2 31.568507 25.2216198952253 34.453588 28.5036878952253
r55 2 43.206906 28.837889 45.895243 31.73574
r56 2 38.36743 31.73574 45.656485 37.246063
r57 0 32.3177754026311 23.5609534821492 34.1119184026311 25.5965874821492
r58 0 29.4518622520939 25.3958026867586 31.5842352520939 27.1085516867586
r59 0 26.8652780424639 26.3370238704066 29.2376870424639 27.8764798704066
r60 0 25.2013471413987 25.3949513822325 26.7487301413987 27.7552063822325
r61 0 16.0497054611582 27.2907821585064 18.3794964611582 28.8583981585064
r62 0 11.0402063964999 27.5301018942469 13.2728293964999 29.1659448942469
r63 0 1.6976043023127 28.2103936981312 3.9763593023127 29.8131196981312
r64 1 2.227621 28.2417605612696 5.120313 30.3317055612696
r65 1 8.7443 27.9525 10.7672 30.941
r66 1 8.06968990497657 32.8855784624905 10.7119279049766 35.1736264624905
r67 1 41.0706 27.9889 43.2224 30.7985
r68 1 15.1190182567718 35.8806970238363 18.1934462567718 37.8471010238363
r69 1 15.6022235908713 32.8002679136471 18.3776145908713 35.6991629136471
r70 1 2.0032 9.8803 4.288 12.5263
r71 1 30.8939633012501 29.5889335343122 32.9744593012501 32.4947625343122
r72 1 33.2848173976195 30.6280365343122 36.5234113976195 32.4947625343122
r73 1 36.4327980125833 33.5018914093316 38.9378410125833 35.9152494093316
r74 0 33.6555090908761 30.7881757897071 36.2284330908761 32.2076577897071
r75 0 31.0546997307605 29.7404837596047 33.6037097307605 31.1732827596047
r76 0 29.2376870424639 27.4695259087876 31.0431250424639 29.4924249087876
r77 0 26.6770478107955 28.5934761287494 28.1069118107955 31.1477181287494
r78 0 16.6564796429664 29.107817 18.3921976429664 31.211972
r79 0 11.3888951338535 31.4161729364391 13.0901361338535 33.5629689364391
r80 0 3.23496356254544 34.0746135540946 5.11463256254544 36.0176245540946
r81 1 3.61954690497657 33.8286241546729 6.02181090497657 36.3452361546729
r82 1 7.689143 38.0689032904412 9.918779 40.7803632904412
r83 1 9.918779 39.0481145317021 12.93619 41.0516755317021
r84 1 13.5256002567717 38.1121939490412 16.0221942567717 40.5337199490412
r85 1 18.9298930721112 38.9668068634032 20.9713710721112 41.9281748634032
r86 2 30.545551 33.653355 37.302741 39.5974
r87 1 26.1896130756692 33.5112167772953 27.9765850756692 36.8943517772952
r88 1 31.6013960938607 35.4873025343122 33.3939410938607 38.8599185343122
r89 1 35.6987724682835 37.8023342922072 35.9059864682835 38.0222372922072
r90 1 38.2457319899831 36.4647898198116 40.8504079899831 38.7858338198116
r91 0 39.0371955288951 36.1040428841295 40.7878275288951 38.1902718841295
r92 0 34.2772575987866 36.2273763240972 36.1857535987866 38.1410393240972
r93 0 31.1340295987866 35.6209511410996 32.7054035987866 37.9451711410996
r94 0 25.3022332189805 32.660627412141 26.8650202189805 34.997618412141
r95 0 17.7201332261614 34.8223306285489 19.5176642261614 36.8541276285489
r96 0 11.0898205625454 35.1486119364391 12.8367915625454 37.2392129364391
r97 0 6.19137122685972 38.0991650947204 8.37720922685972 39.7700200947204
r98 1 5.200436 39.9761664460229 7.689143 43.2089964460229
r99 1 43.399833 41.083370043146 46 43.408439043146
r100 1 13.850385411537 43.1455969490412 16.119260411537 45.8101629490412
r101 1 19.3060061584337 42.068427008254 21.4914311584337 44.834738008254
r102 2 27.2665613064061 37.216251 30.5382593064061 39.5974
r103 1 25.773593 36.8943517772952 28.2214 39.3641407772953
r104 1 28.2214 36.023199 30.941808 38.2455
r105 1 31.3661744651346 43.3502265343122 34.2790684651346 45.4256765343122
r106 1 34.5842846977074 43.158441 36.7118376977074 46
r107 1 40.8504079899831 36.0165738198116 43.0335059899831 38.7858338198116
r108 0 40.7878275288951 35.8568818149055 43.1498845288951 37.4030848149056
r109 0 37.3997905288951 35.2648935041588 39.0371955288951 37.4953865041588
r110 0 32.7054035987866 35.9580455093009 34.2772575987866 38.2815555093009
r111 0 26.3673 37.3589587961672 28.592291 39.0004127961672
r112 0 19.8981815449856 37.8736987577764 21.6472095449856 39.9618407577764
r113 0 13.6054 32.8421 15.9639 35.9211
r114 0 8.37720922685972 38.3478650709742 10.5523152268597 40.0269650709742
r115 1 5.26895567410715 36.6164844460229 7.06840167410715 39.9761664460229
r116 2 12.165812 34.785255 14.68526 37.877361
r117 2 10.0954 42.907514 12.614539 46
r118 2 11.1489694730726 37.877361 14.4509824730726 40.236649
r119 2 34.4618 42.384629 37.051513 45.392839
r120 1 26.0740061720474 28.1824037810467 28.2430431720474 30.9696167810467
r121 1 28.1972218892007 0 30.8755038892007 2.257256
r122 1 32.7614223012501 24.813229991985 35.1158523012501 27.380970991985
r123 1 36.7954069998973 30.8026104093316 39.0351019998973 33.5018914093316
r124 1 43.2224 30.158306177607 45.294016 33.076591177607
r125 0 41.9652718572189 31.5402946311599 44.3861038572189 33.0489576311599
r126 0 40.2020414373982 31.9333872481338 41.7514294373982 34.2905882481338
r127 0 33.0459715288951 34.0221757897071 35.2568255288951 35.6741257897071
r128 0 29.243215491293 34.0253074398073 31.108236491293 35.9835794398073
r129 0 20.4609713252712 35.9055017577764 22.3165873252712 37.8736987577764
r130 0 15.9639 34.8715475843051 17.640102 37.0504135843051
r131 0 9.39787933200824 34.4117660709742 11.0191263320082 36.6644880709742
r132 2 5.87561547307264 39.802424 8.39676347307264 42.892445
r133 2 13.710914 29.294334 16.933187 31.712006
r134 2 18.7223303064061 35.1627837315557 22.3592643064061 37.7663587315557
r135 2 28.060349 33.653355 30.545551 36.78807
r136 2 24.162997 28.09428 31.388127 33.653355
r137 1 41.9517 16.6205 44.841 18.7129
r138 1 29.5574903106738 20.4713642542303 32.4357263106738 22.5718062542303
r139 1 32.5459858732015 21.5255928268662 34.4966468732015 24.6248328268662
r140 1 37.8497227200995 23.3124693553373 39.9149707200995 26.2397523553373
r141 1 43.2224 26.5160620837619 45.271663 29.4661800837619
r142 0 43.2433520949186 26.3329480055252 45.1558630949186 28.2425940055252
r143 0 41.2977090949186 26.8221104078667 43.2433520949186 28.6992374078667
r144 0 37.3420310424639 27.8363873856615 39.1055100424639 29.9074173856615
r145 0 31.3545511962969 32.9878517596046 32.9601981962969 35.2624607596046
r146 0 20.026780195813 34.3014813966246 22.728912195813 35.6530873966246
r147 0 16.4924023582341 32.8421 18.6267863582341 34.553235
r148 0 9.35411881453122 32.3669840709742 11.1402358145312 34.4117660709742
r149 2 14.4509824730726 39.428526 17.0716484730726 43.041742
r150 2 0.399791999999998 32.4383 3.198847 35.821238
r151 2 14.813843 31.917764 17.978437 34.379502
r152 2 7.0244 43.4633 10.0954 46
r153 1 18.8485247123943 18.9642660278947 20.8083077123943 22.0490810278947
r154 1 21.224358518009 19.921578046748 24.326309518009 21.870534046748
r155 1 24.326309518009 19.8738577664138 26.980076518009 22.1519647664138
r156 1 14.5591 4.0621 17.305 6.2638
r157 1 37.4453488732015 21.0086262751511 40.1730368732015 23.2249972751511
r158 1 43.168639 21.55449 45.446424 24.208633
r159 0 43.0010201944961 22.396767966373 45.2531751944961 24.018422966373
r160 0 40.6593006976669 22.8905357729727 42.6412096976669 24.7333147729727
r161 0 37.7376 23.2040669534987 39.813386 24.9635059534987
r162 0 33.6417762520939 26.4947274691049 35.6723812520939 28.2933144691049
r163 0 21.0889105224336 28.333200437898 22.8554765224336 30.400612437898
r164 0 19.4688158474052 32.2019961602511 19.6468028474052 32.3551821602511
r165 0 7.57434981453123 31.2465953085713 9.35411881453123 33.2986693085713
r166 0 7.48149725022095 28.7445527442319 9.39429725022095 30.6539097442319
r167 0 9.39429725022095 26.638765 10.796304250221 29.243758
r168 0 12.0209114611582 25.0038414100563 14.2686024611582 26.6287174100563
r169 1 10.6395142199661 20.2810214330117 13.1611012199661 22.6785464330117
r170 1 17.2758242028933 17.9485023655355 17.4518382028933 18.2073843655355
r171 1 22.0558900874134 16.994674046748 24.1214060874134 19.921578046748
r172 1 24.3298376826277 17.4611882602256 27.1753306826277 19.5858002602256
r173 1 27.1928 15.0593 29.9112 17.2833
r174 1 36.7118376977074 43.237297 38.9001176977074 46
r175 1 39.748714 15.603095454204 41.9517 18.347355454204
r176 0 43.1841827518265 15.8891955092979 45.4823537518265 17.4783805092979
r177 0 41.2605837434202 18.6709213803139 43.0124287434202 20.7557063803139
r178 0 37.5613574026311 21.4359899534987 39.6270024026311 23.2040669534987
r179 0 35.9813064026311 21.903443 37.5613574026311 24.2149
r180 0 21.1022741413987 26.518643354988 23.3280031413987 28.159552354988
r181 0 18.3921976429664 28.1316627388686 20.4423846429664 29.9130707388686
r182 0 5.60589283154942 28.7914414266214 7.23613983154942 31.0317274266214
r183 0 5.5060573023127 26.1126736504806 6.9890833023127 28.5753536504806
r184 0 7.57541848880308 24.4388476377084 9.59475048880307 26.2474746377084
r185 0 10.2642409178277 20.7878656377084 11.9691339178277 22.9300636377084
r186 1 10.5640901766718 17.8309304330117 13.0315771766718 20.2810214330117
r187 1 13.604279184518 13.2238827819719 15.892656184518 15.8657407819719
r188 1 21.9618722924265 13.9015370270363 23.9987212924265 16.8696340270363
r189 1 23.9987212924265 13.0237701746136 27.4532272924265 14.7738231746136
r190 1 26.654578232292 10.7244461320352 29.657776232292 12.7374891320352
r191 1 33.0264584137572 10.516340956301 35.5834644137572 12.880655956301
r192 1 40.595227106445 10.592754454204 42.823489106445 13.305885454204
r193 0 42.1943097158683 11.7450377071077 44.1948077158683 13.5706927071077
r194 0 40.3013488603161 14.5840774121759 42.2812288603161 16.4287434121759
r195 0 39.1769237518265 16.7431313715635 41.3215927518265 18.4460603715635
r196 0 34.9889922388478 17.9045044728193 37.4184162388478 19.4078314728193
r197 0 20.6265547940603 19.6831799542735 22.5686627940603 21.5637229542735
r198 0 16.702191001805 20.8864843192953 18.400742001805 23.0366803192953
r199 0 4.3851842278637 22.3437371504806 6.2815282278637 24.2696641504806
r200 0 4.29713141176861 20.4593231504806 6.23525141176861 22.3437371504806
r201 0 6.23525141176861 19.9888517117008 7.84301641176861 22.2604637117008
r202 0 8.17093391782771 20.6446641791419 10.2642409178277 22.3893771791419
r203 1 9.48822685630189 15.5237723998016 12.5973618563019 17.4682253998016
r204 1 11.8297231434343 10.5483909439128 14.5632131434343 12.7600569439128
r205 1 42.99647 11.2378487278337 46 13.2506687278337
r206 1 23.7397966861338 8.3954568809159 26.6372916861338 10.4819368809159
r207 1 26.0519308517137 5.45926080648655 28.8543268517137 7.61654580648655
r208 1 29.2867326903048 7.78234903428791 32.0295606903048 9.98648603428791
r209 1 37.7373313971327 7.236678680673 39.4930743971327 10.679987680673
r210 2 35.766082 0 41.3179 7.234575
r211 0 39.5849491237407 7.64609863838036 41.3935761237407 9.66543063838036
r212 0 37.2922477669338 12.1906574121759 40.3263857669338 14.5840774121759
r213 0 35.2394831011132 13.6688779076507 37.0785911011132 15.6547419076507
r214 0 20.7980624461916 15.8598059985341 22.4173874461916 18.1152019985341
r215 0 18.3179351750053 17.0330637961276 20.1934221750053 18.9804077961276
r216 0 14.365179134264 19.832798 16.429431134264 21.602068
r217 0 11.9691339178277 19.832798 14.0671459178277 21.573598
r218 0 8.68894833771895 16.2580311791419 10.7413803377189 18.0374901791419
r219 0 9.14918397399961 15.5738874015191 9.28938897399961 15.7683524015191
r220 1 8.85267714343431 10.5483909439128 11.8297231434343 12.5791179439128
r221 1 11.634503 5.25038217760996 14.5591 7.31752717760996
r222 1 16.3884898517137 6.34477481155965 19.1745088517137 8.51474081155965
r223 1 20.120737462761 3.9873935128044 23.092404462761 6.0217965128044
r224 1 23.3141147879477 2.8135548809159 25.8125537879477 5.2332928809159
r225 1 29.4835033452026 4.5028177672332 31.5877883452026 7.3757977672332
r226 1 39.278582231008 2.64704205669421 42.023613231008 4.84941005669421
r227 1 42.023613231008 0.556059727833677 44.324304231008 4.05308172783368
r228 0 39.1431766406512 3.66972263838036 41.2177406406512 5.43019763838036
r229 0 37.8787301237407 8.16819227731224 39.5849491237407 10.3087252773122
r230 0 35.3067565447955 9.58978520922034 37.2570865447955 11.4624012092203
r231 0 0 12.32148083397 1.780001 14.37328783397
r232 0 18.1789629413329 13.01741998018 19.8758399413329 15.16973798018
r233 0 15.2866387183443 14.5749045651739 17.9600637183443 15.9410245651739
r234 0 13.4742265738625 15.9410245651739 15.7401855738625 17.5528005651739
r235 0 11.5860001046071 13.7470111418288 12.9635681046071 16.3982191418288
r236 0 30.9824 14.8852 32.6039 17.1375
r237 1 8.86714006311035 5.00049194391277 11.5440090631104 8.00608094391277
r238 2 22.350388 5.8671325 25.00005 8.8072815
r239 2 25.455758 43.149237 28.1885 46
r240 2 19.593084 17.201422 22.19086 20.200295
r241 2 18.815514 2.553265 21.308886 5.677709
r242 2 32.316114 2.941291 34.949408 5.899715
r243 1 33.8502139720911 2.44875009660263 36.3126839720911 4.90383309660263
r244 1 36.651843231008 2.60228409660263 39.278582231008 4.90383309660263
r245 0 35.324123869293 3.16900888376729 37.292216869293 5.02472388376729
r246 0 30.546270260975 2.17445398496764 32.237331260975 4.33417398496764
r247 0 27.340539260975 1.49460889753268 29.075733260975 3.59939889753268
r248 0 22.2255306157395 0.31453370870616 24.6392176157395 3.32319470870616
r249 0 18.112309 0 19.717842 2.27477
r250 0 15.0945769276291 5.70862658746025 16.9293549276291 7.69917758746025
r251 0 15.9584 16.4296 18.2166 18.0469
r252 0 9.89694483266418 9.92802440791477 11.6647948326642 11.9939344079148
r253 0 12.0125232720464 9.97458614182883 14.0572872720464 11.7607181418288
r254 2 16.382084 2.15436166666667 18.61394 5.64490966666667
r255 2 19.803085 8.815588 22.234017 12.020285
r256 2 5.19187 5.585047 7.470532 9.003895
r257 2 29.717498 12.516989 32.643718 15.179264
r258 2 21.308886 3.186622 24.436196 5.677709
r259 2 25.00005 4.2441635 27.481274 7.3839045
r260 2 33.101447 13.141059 36.118399 15.723268
r261 2 41.3179 0 46 8.5784
r262 0 33.028275869293 3.31501276438105 35.324123869293 4.90580576438105
r263 0 29.075733260975 1.85057798496764 30.546270260975 4.33417398496764
r264 0 24.843799681245 1.60822170870616 26.973406681245 3.32319470870616
r265 0 19.9554186157395 0.885267234847815 22.2255306157395 2.49409523484781
r266 0 15.9565646040514 0.119236015304091 17.9214466040514 1.97798301530409
r267 0 8.06919 2.48103399540473 10.328015 4.09790099540473
r268 0 6.609622 3.97998369415554 8.06919 6.48224369415554
r269 0 4.13836742779265 9.34700742060859 5.96572142779265 11.3456454206086
r270 0 4.07258597399961 11.4451125696543 5.87589797399961 13.4703965696543
r271 2 24.436196 1.7994155 27.622782 4.2441635
r272 2 6.19684699999999 18.5057796666667 11.868193 25.5878806666667
r273 2 20.707909 20.200295 23.193064 23.335069
r274 2 22.19086 12.5175745 29.717498 17.8539605
r275 2 26.728953 21.223246 29.255922 24.306149
r276 2 33.101447 15.723268 35.790218 18.620651
r277 2 39.269904 13.9473425 42.529077 16.3376415
r278 0 32.9448134671278 7.14476878706619 34.3339974671278 9.77380778706619
r279 0 30.460137 9.20269511444325 32.694955 10.8369311144433
r280 0 28.7736 9.0449298904994 30.460137 11.2104438904994
r281 0 22.155973 9.12556855103406 23.8642 11.2635855510341
r282 0 17.2002497457678 6.37565506693543 18.7779837457678 8.69050606693543
r283 0 14.4231 2.10058575548559 16.206275 4.14874075548559
r284 2 11.432101 11.4307436666667 17.10911 18.5057796666667
r285 0 0.215846142885058 2.69558625348505 1.95187914288506 4.79935925348505
r286 0 0 6.90440925348505 2.115003 8.63122425348505
r287 0 3.660059 13.5539918489463 5.348109 15.7175648489463
r288 2 8.438298 11.7789108333333 11.432101 14.3810858333333
r289 2 17.10911 14.622276 20.780492 17.201422
r290 2 0.546786999999995 16.299501 6.19684699999999 23.408283
r291 2 23.193064 18.794991 25.753418 22.493321
r292 2 28.6916885 17.906027 31.0401615 21.223246
r293 2 31.235472 18.766418 34.40639 21.223246
r294 2 42.529077 14.053878 45.484776 16.6896
r295 0 31.0583627669338 12.8475736743343 33.1464287669338 14.5966656743343
r296 0 28.941586 15.3492428119114 30.9824 17.1388328119114
r297 0 26.5525136469716 15.3215856621592 28.6729496469716 17.0439766621592
r298 0 22.0158944782914 13.7550016245699 24.0704604782914 15.5326126245699
r299 0 16.6037779154298 8.78201756517391 18.4530159154298 10.7570035651739
r300 0 11.179098 4.06709495301099 12.8593 6.24077295301099
r301 0 1.85988879366051 5.20335428496825 4.19551379366051 6.76705528496825
r302 0 0.124909793660513 4.79935925348505 1.85988879366051 6.90440925348505
r303 1 1.52175077838341 0 3.55220077838341 2.977452
r304 1 3.28399985630189 15.4825192520104 6.07950485630189 17.6451222520104
r305 1 6.07950485630189 15.8691751812104 9.48822685630189 17.6427331812104
r306 1 9.62830968804262 23.0362476468415 12.3392116880426 25.2663416468415
r307 2 8.713825 15.0223096666667 11.432101 18.5057796666667
r308 2 20.254762 25.2232845 23.594916 27.5556315
r309 2 35.790218 15.723268 38.211891 18.940218
r310 2 35.27286 22.500316 38.828799 24.69113
r311 2 29.626017 21.223246 32.216287 24.230809
r312 0 31.0655338137326 19.0553992846932 32.9327268137326 21.0113942846932
r313 0 29.0815968137326 19.2369466360783 31.0655338137326 21.0778416360783
r314 0 26.4047500967678 19.5391174523169 28.6347410967678 21.1768904523169
r315 0 21.3192980967678 21.5947606055478 23.3941160967678 23.3550206055478
r316 0 16.3183723100645 23.0366803192953 18.2234583100645 24.9537683192953
r317 0 8.5562982278637 22.9300636377084 10.9769362278637 24.4388476377084
r318 0 0.487992568334635 21.981439700608 2.10326356833464 24.242495700608
r319 1 0.177066329479354 19.601488443718 2.59192732947935 22.104972443718
r320 1 2.68148697923546 20.4507016143532 5.13200997923546 22.9177536143532
r321 1 5.13200997923546 21.2215916468415 7.83766597923546 23.4560096468415
r322 1 7.83766597923546 20.7311556468415 10.4603669792355 23.0362476468415
r323 1 13.3225702785849 30.012834 15.5152942785849 32.769937
r324 1 16.047355 29.7185124359214 18.076998 32.6971484359213
r325 1 20.8525891257384 28.3521675059061 22.8785541257384 31.3362115059061
r326 2 31.388127 28.5036878952253 34.54309 30.9729398952253
r327 2 35.005655 31.0329817885797 38.36743 33.3503287885797
r328 2 30.298629 0 33.037493 2.844391
r329 0 31.2459406513931 21.0113942846932 32.9984856513931 23.0953452846932
r330 0 29.7727572520939 23.8780886867586 32.1791522520939 25.3958026867586
r331 0 27.2509672520939 24.6775988704066 29.4518622520939 26.3370238704066
r332 0 21.4776275290347 23.8128368959342 22.9157695290347 26.3523768959342
r333 0 13.8745154611582 27.457180384539 16.0497054611582 29.136215384539
r334 0 9.5238741338535 29.243758 11.3888951338535 31.20203
r335 0 1.21268881453123 30.7829546814416 3.28639781453123 32.5441556814416
r336 1 1.089336 30.580816443718 3.848755 32.771700443718
r337 1 3.848755 30.3317055612696 5.878167 33.3106795612696
r338 1 5.878167 30.7762664624905 8.7443 32.8855784624905
r339 1 10.0170622785849 30.941 13.3225702785849 32.769937
r340 1 16.0221942567717 37.8471010238363 18.1934462567718 40.6314710238363
r341 1 18.3776145908713 33.7754868634032 20.4267345908713 36.7258098634032
r342 1 20.239231778702 31.3362115059061 22.936461778702 33.5776095059061
r343 1 31.6013960938607 32.4947625343122 33.6216080938607 35.4873025343122
r344 1 33.9325801801161 32.9216815343122 36.2889551801161 35.4873025343122
r345 1 38.9378410125833 33.9508455494601 42.3926880125833 35.7007255494601
r346 0 35.3717430424639 28.4404816961886 37.3420310424639 30.2941286961886
r347 0 33.6169820424639 28.4809423486649 35.3717430424639 30.5622623486649
r348 0 28.2601003866075 29.4924249087876 30.8533153866075 30.9007999087876
r349 0 24.7212749519684 28.2979675942706 26.3534299519684 30.5356345942706
r350 0 16.3080628687994 31.211972 18.5485118687994 32.8421
r351 0 11.1402358145312 33.5629689364391 13.4435408145312 35.1486119364391
r352 0 5.11463256254544 35.4700194550089 7.21959656254544 37.2050704550089
r353 1 2.95837246135021 36.3452361546729 4.97376046135022 39.3449401546729
r354 1 5.90245087112087 43.236094 8.08977787112087 46
r355 1 8.19500187112087 41.0516755317021 10.7287428711209 43.4376995317021
r356 1 13.6097078711209 40.5337199490412 15.9243528711209 43.1455969490412
r357 1 21.9909840314173 42.0684270082541 24.5512980314173 44.4296870082541
r358 1 21.0849752153882 36.4400841408582 23.2394742153882 39.2461041408582
r359 1 11.8865 28.0548 15.1251 29.9216
r360 1 30.3394363493733 38.8599185343122 32.9173993493733 41.2050135343122
r361 1 33.6519254682835 37.7825165343122 35.6987724682835 40.7361165343122
r362 1 37.2787319240612 39.0977444093316 39.7393489240612 41.5546754093316
r363 0 38.3892206255155 38.1902718841295 39.8198506255155 40.7431458841295
r364 0 34.0561014985653 38.2815555093009 36.1820164985653 39.9995075093009
r365 0 29.3176005987866 37.6314894398073 31.1340295987866 39.6421484398073
r366 0 23.1310571679831 34.59209 24.8168181679831 36.7586
r367 0 17.6923405449856 36.8541276285489 19.8981815449856 38.5098316285489
r368 0 11.0898205625454 37.2392129364391 13.2789545625454 38.9075519364391
r369 0 6.03059618811424 39.7700200947204 7.88089118811424 41.7438780947204
r370 1 0 40.8944325345412 2.477424 43.3346955345412
r371 1 8.08977787112087 43.6182715317021 10.7287428711209 45.9091575317021
r372 1 11.074368411537 43.822215 13.850385411537 46
r373 2 37.302741 38.507693 42.663579 46
r374 2 24.6751753064061 36.883626 27.2665613064061 39.889893
r375 1 23.4332160721112 38.9815281408582 25.6424180721112 41.7180671408582
r376 1 28.0525180721112 41.608 31.0035660721112 43.656617
r377 1 31.4174533668267 41.2050135343122 34.2356193668267 43.3502265343122
r378 1 34.2356193668267 40.7361165343122 37.1408243668267 42.8170595343122
r379 1 0.2818 35.2164 2.9134 37.5138
r380 0 40.7878275288951 37.4030848149056 43.1416285288951 38.9547108149056
r381 0 36.9098936255155 37.4953865041588 38.3892206255155 39.9642235041588
r382 0 31.7517664985653 38.2815555093009 34.0561014985653 39.8664895093009
r383 0 24.5563252727267 38.4393 26.3043192727267 40.528677
r384 0 19.7247571455239 39.9618407577764 21.2942751455239 42.2888087577764
r385 0 12.4081902888567 38.9075519364391 13.9894842888567 41.2171909364392
r386 0 7.88089118811424 40.0269650709742 10.1041571881142 41.6696920709742
r387 1 0.312840461350214 37.8532415345412 2.95837246135021 40.8944325345412
r388 2 0 38.489397 5.478934 45.820211
r389 2 12.614539 43.041742 16.095843 45.279524
r390 2 15.8191543064061 36.74512 18.7223303064061 39.428526
r391 2 25.396758 33.863297 28.060349 36.78807
r392 1 25.7098583012501 31.106559073237 28.3905983012501 33.361745073237
r393 1 30.3692781720474 26.8290765343122 32.5598141720474 29.5889335343122
r394 1 35.1158523012501 27.7640075872872 37.3239623012501 30.5018995872872
r395 1 37.3239623012501 28.9536194093316 40.5936193012501 30.8026104093316
r396 1 41.1739749998973 30.7985 43.1261849998973 33.89528
r397 0 41.794897 33.0489576311599 43.38796 35.3415346311599
r398 0 39.0371955288951 34.2905882481338 41.6349585288951 35.6964972481338
r399 0 35.2568255288951 34.5230933240972 37.3997905288951 36.2273763240972
r400 0 28.7523747885447 35.9835794398073 30.9686487885447 37.6314894398073
r401 0 22.3165873252712 36.7586 24.0990193252712 38.807608
r402 0 13.7548985449856 36.6144528514245 15.8766255449856 38.3357958514245
r403 0 8.92024156254544 36.6644880709742 11.0898205625454 38.3478650709742
r404 2 13.710914 25.7670321666667 17.555886 28.2297371666667
r405 2 10.9056764730726 40.236649 14.4509824730726 42.907514
r406 2 18.882216 39.889893 25.455758 46
r407 2 22.3592643064061 35.1627837315557 24.6751753064061 38.5266437315557
r408 2 17.10911 18.4827066666667 19.593084 21.6189716666667
r409 1 22.4610628197894 25.6479351860044 25.2795508197894 27.7929031860044
r410 1 30.3753725368394 23.3951825343122 32.1359295368394 26.8290765343122
r411 1 35.1158523012501 24.813229991985 37.4391753012501 27.415350991985
r412 1 37.6705813215835 26.2397523553373 40.1613163215835 28.6669743553373
r413 1 40.247457 25.535274 42.711388 27.9889
r414 0 41.9652718572189 28.6992374078667 43.5304678572189 31.0326314078667
r415 0 39.8149908572189 29.6769175353065 41.9652718572189 31.3754015353065
r416 0 36.4347108572189 30.2941286961886 38.2123218572189 32.3486946961886
r417 0 29.6786181962969 31.6469354518954 31.3545511962969 33.8261514518954
r418 0 22.9471673903192 32.7085661859211 25.0518323903192 34.4438631859211
r419 0 18.9549439322562 33.9507971602511 19.1436519322562 34.0952791602511
r420 0 7.60962381453122 33.2986693085713 9.35411881453122 35.3922373085714
r421 2 10.997398 25.888709 13.710914 29.37829
r422 2 0 35.821238 2.919766 38.489397
r423 2 42.663579 37.246063 46 39.58102
r424 2 22.350388 9.5165345 24.946288 12.5175745
r425 1 16.3789857123943 19.6010270278947 18.8485247123943 22.0490810278947
r426 1 22.4789196018183 22.4157271860044 24.9681056018183 25.6479351860044
r427 1 26.980076518009 20.2152007666508 29.246058518009 22.8831687666508
r428 1 29.6924923260681 18.0768592542303 32.2172583260681 20.4713642542303
r429 1 34.6260189098029 19.589941991985 37.0493089098029 22.084718991985
r430 1 40.272709 21.0731938038792 43.168639 23.1608018038792
r431 0 42.6412096976669 24.018422966373 44.6098986976668 25.873575966373
r432 0 40.6385856976669 24.7333147729727 42.6412096976669 26.5570317729727
r433 0 37.7376 25.5977858098046 40.013067 27.2028268098046
r434 0 31.0431250424639 27.4262280936278 33.6169820424639 28.8451950936278
r435 0 23.0928039519684 28.3523011859211 24.7212749519684 30.5950311859211
r436 0 22.9471673903192 30.5950311859211 24.6751823903192 32.7085661859211
r437 0 5.50888181453123 31.0317274266214 7.57434981453122 32.7999564266214
r438 0 3.28639781453122 29.8131196981312 5.50888181453122 31.4564246981312
r439 0 7.23544423305897 26.2474746377084 9.16160523305897 28.1435876377084
r440 0 14.2686024611582 25.363176384539 16.0127344611582 27.457180384539
r441 1 14.4947737491846 22.0871637255462 17.1519557491846 24.3623437255462
r442 1 15.4861482028933 15.9535297819719 17.2758242028933 19.3315527819719
r443 1 43.168639 18.7129 46 21.55449
r444 1 27.3938079943234 17.2833 29.4682979943234 20.197543
r445 1 29.9985566446404 15.4797382542303 32.3263516446404 18.0768592542303
r446 1 34.8159937956748 16.2866475969454 36.9068187956748 19.1781215969455
r447 1 40.595227106445 13.305885454204 43.226926106445 15.603095454204
r448 0 42.7239725119651 0 44.7216275119651 1.828253
r449 0 41.3215927518265 16.7100933803139 43.1841827518265 18.6709213803139
r450 0 36.1528 24.2149 37.7376 26.5194
r451 0 34.1119184026311 23.5609534821492 35.9813064026311 25.5146514821492
r452 0 23.3280031413987 26.0870442894801 25.2013471413987 28.0366162894801
r453 0 18.3794964611582 25.3017607388686 20.9456514611582 28.1316627388686
r454 0 3.9763593023127 27.4255776981312 5.5060573023127 29.8131196981312
r455 0 3.7108063023127 24.9165672071503 5.5060573023127 26.9509452071503
r456 0 5.58070448880308 24.2817256504806 7.57541848880308 26.1126736504806
r457 0 14.1284924178277 21.7904047126067 16.1904204178277 23.5616687126067
r458 1 13.1611012199661 19.3315527819719 16.0935242199661 22.0752117819719
r459 1 16.4641988040106 10.9657624814313 18.5314698040106 13.8901814814313
r460 1 19.221758232292 10.9880717968754 21.796425232292 13.3361677968754
r461 1 23.765441232292 10.9312541746136 26.654578232292 13.0237701746136
r462 1 27.4532272924265 12.7374891320352 30.1673612924265 14.9649281320352
r463 1 31.9571064637062 12.880655956301 34.7096154637062 15.077039956301
r464 1 37.888677106445 13.0083888040208 40.595227106445 15.2420688040208
r465 0 43.1339819426902 9.66434079657885 45.3268139426902 11.3298667965789
r466 0 40.5071817158683 12.4193224121759 42.1943097158683 14.5840774121759
r467 0 39.4782770665092 18.4460603715635 41.0727810665092 20.7365653715635
r468 0 35.2877356513931 19.4078314728193 36.9976966513931 21.5436804728193
r469 0 24.4074277940603 18.8731893903673 26.2893727940603 20.8138513903673
r470 0 18.453946264748 19.5834109542735 20.298211264748 21.5637229542735
r471 0 2.16468441176862 19.323459292096 4.06243341176862 21.247959292096
r472 0 4.84342941910149 20.3144071504806 5.03157341910149 20.4593231504806
r473 0 6.03000841176861 17.9743987117008 7.84301641176861 19.9888517117008
r474 0 9.24385041176861 18.0374901791419 11.0902924117686 20.0154671791419
r475 1 10.8697373831199 13.1454883998016 13.4117253831199 15.5237723998016
r476 1 12.1725591434343 7.82991031486964 14.5632131434343 10.3587443148696
r477 1 19.1745088517137 6.0217965128044 21.3610568517137 8.7866865128044
r478 1 21.3610568517137 6.2200328809159 24.1400858517137 8.3954568809159
r479 1 26.6372916861338 7.61654580648655 28.8986946861338 10.2899158064865
r480 1 30.0568507074851 10.32476293205 32.7627237074851 12.55900193205
r481 1 35.8242223971327 9.66753665785668 37.7373313971327 12.8276106578567
r482 1 39.7600108920555 8.06399612315266 42.5230268920555 10.2520281231527
r483 0 40.1913409426902 9.66543063838036 41.7407289426902 12.0226316383804
r484 0 37.6364568950097 14.9036843715635 39.6219558950097 16.7431313715635
r485 0 35.3890836803851 15.6547419076507 37.6051336803851 17.3028179076507
r486 0 24.3674202938984 15.6785546972575 25.9142132938984 18.0397106972576
r487 0 18.2451884461916 15.6024337961276 20.7980624461916 17.0330637961276
r488 0 14.170884516217 18.0469 16.215916516217 19.832798
r489 0 10.9208975738625 16.3982191418288 13.4742265738625 17.8285941418288
r490 0 7.03368533771895 15.6402915075899 8.68894833771895 17.8467205075899
r491 0 9.28938897399961 14.1585159776531 11.4286019739996 15.8657889776531
r492 1 8.71579818229396 8.00608094391277 11.880466182294 10.5483909439128
r493 1 12.4777787491884 0.691155177609957 15.9498787491884 3.00836017760996
r494 1 17.596361462761 3.57611967734337 20.120737462761 5.97099567734337
r495 1 20.120737462761 1.4937565128044 22.728660462761 3.8119105128044
r496 1 25.8125537879477 2.79276729040679 28.3131877879477 5.21038029040679
r497 1 31.6183282485059 2.60290803428791 33.6047672485059 5.64632703428791
r498 1 36.5032574126557 0 38.9649864126557 2.455821
r499 1 40.0151849792459 4.84941005669421 41.9484129792459 7.97659805669421
r500 0 38.8020429754982 5.43019763838036 40.4502299754981 7.64609863838036
r501 0 37.1193385415634 43.854565 38.8216595415634 46
r502 0 34.7839607669338 11.7268507870662 37.2922477669338 13.1829117870662
r503 0 20.5256967076759 11.474852797612 22.7816597076759 13.093770797612
r504 0 18.2581887076759 11.40674498018 20.5256967076759 13.01741998018
r505 0 16.1969262720464 10.7570035651739 17.9479992720464 12.8427065651739
r506 0 13.6525358326642 12.0053743128659 15.3670068326642 14.1356053128659
r507 0 9.85876210460711 12.0440309776531 11.5860001046071 14.1585159776531
r508 0 11.8138248326642 11.7607181418288 13.6525358326642 13.7470111418288
r509 1 6.48901218229395 6.02970351234361 8.71579818229395 8.74463351234361
r510 2 18.61394 0 21.665092 2.553265
r511 2 21.81506 0.214476 24.436196 3.186622
r512 2 13.107411 0.311943666666673 16.382084 2.69092866666667
r513 2 27.622782 2.911377 29.832009 6.437678
r514 2 29.832009 2.911377 32.316114 6.047477
r515 1 30.9972984126557 0.186297767233204 33.5847644126557 2.5227797672332
r516 1 34.6509289792458 4.90383309660263 37.2108889792459 7.26542009660263
r517 0 34.9455919024751 5.02472388376729 36.8271059024751 6.96582988376729
r518 0 31.0209336122277 4.57664111444325 32.5497956122277 6.96548811444325
r519 0 27.1713316122277 3.59939889753268 28.9612206122277 5.63987189753268
r520 0 22.2469696154353 3.34271303908095 24.4697546154353 4.98579603908095
r521 0 18.112309 2.89001806693543 19.954488 4.87257106693543
r522 0 13.1050359276291 5.86346858746025 15.0945769276291 7.69917758746025
r523 0 12.3989511370131 8.47271714182883 14.8307341370131 9.97458614182883
r524 0 7.89142813701309 8.15014469415554 10.5135291370131 9.54300469415554
r525 0 10.5135291370131 7.99094140791477 12.3989511370131 9.92802440791477
r526 2 19.867692 5.677709 22.350388 8.815588
r527 2 7.907428 25.5878806666667 10.997398 28.1090706666667
r528 2 28.725885 10.210507 32.103497 12.516989
r529 2 14.8535875 2.69092866666667 15.1539745 2.94060666666667
r530 2 38.828799 23.0336 42.314444 25.268595
r531 2 28.725885 6.437678 30.790754 10.210507
r532 2 32.643718 9.931921 35.714891 13.015118
r533 1 31.6656386996574 5.64632703428791 34.4959316996574 7.78234903428791
r534 0 32.5497956122277 4.90580576438105 34.6645396122277 6.63283276438105
r535 0 28.9612206122277 4.33417398496764 31.0209336122277 6.10734298496764
r536 0 24.5699559889265 3.32319470870616 26.5955809889265 5.12620370870616
r537 0 20.054805849714 2.49409523484781 22.063620849714 4.31219123484781
r538 0 16.206275 1.97798301530409 18.112309 3.89411901530409
r539 0 10.6327656040514 0.508884953010993 14.0657056040514 2.62426295301099
r540 0 8.06919 4.09790099540473 10.288824 5.74331599540473
r541 0 6.13449005002744 6.48224369415554 8.32419905002744 8.15014469415554
r542 0 6.10817613701309 8.85429756405703 7.89142813701309 10.902364564057
r543 2 42.875307 11.560705 46 14.053878
r544 2 14.606726 18.5057796666667 17.10911 21.6189716666667
r545 2 17.10911 12.020285 20.748258 14.622276
r546 2 29.717498 15.179264 33.101447 17.481427
r547 2 35.766082 10.833553 39.142194 13.141059
r548 2 42.744013 8.963605 45.743666 11.560705
r549 2 39.666041 8.5784 42.744013 11.109417
r550 0 34.5400741237407 7.29951920922034 36.1347441237407 9.58978520922034
r551 0 30.6789770811016 6.96548811444325 32.3114670811016 9.20269511444325
r552 0 25.036425 7.63156442045494 26.8457 9.65017342045494
r553 0 23.027428 7.30763655103406 25.036425 9.12556855103406
r554 0 20.5981802083447 6.88084903908095 22.6873822083447 8.62898903908095
r555 0 14.4231 4.14874075548559 17.091048 5.51766475548559
r556 0 3.980339 0.281838284968254 6.186971 3.57281028496825
r557 0 2.376033 1.29630028496825 3.980339 3.57281028496825
r558 0 1.51971197399961 10.89085083397 4.07258597399961 12.32148083397
r559 0 1.780001 12.5035313682199 3.660059 14.4461413682199
r560 2 13.107411 5.64490966666667 16.802974 8.20718066666667
r561 2 3.834634 9.003895 7.470532 11.14653
r562 2 11.868193 18.5057796666667 14.165204 21.8973166666667
r563 2 23.72635 22.493321 26.728953 25.08787
r564 2 39.6688 16.6896 46 23.0336
r565 2 37.009033 18.940218 39.6688 22.500316
r566 2 39.269904 11.6256665 42.625411 13.9473425
r567 0 33.1464287669338 12.3663466743343 34.7839607669338 14.5966656743343
r568 0 28.9162925447955 11.3650628119114 30.7556985447955 13.3506048119114
r569 0 26.5125729061069 11.9090116621592 28.7124719061069 13.5691876621592
r570 0 24.6325409061069 11.9095596133859 26.5125729061069 13.8521966133859
r571 0 20.1593002321964 8.78701766608147 21.6822982321964 11.1850626660815
r572 0 10.8994999276291 6.24077295301099 13.1050359276291 7.89670495301099
r573 0 4.19551379366051 5.45113542060859 6.07644579366051 7.39284242060859
r574 0 0.398327 8.63122425348505 2.115003 10.7587192534851
r575 1 0 12.5263 2.581829 14.867883
r576 1 1.22765485630189 15.1153908394363 3.28399985630189 18.0553478394363
r577 1 5.38310632947935 17.6451222520104 8.02271132947935 19.9354522520104
r578 1 11.1601214116923 25.6509174330117 13.9128494116923 27.8471264330117
r579 1 17.7281438197894 24.3822150278947 19.7982178197894 27.3026750278947
r580 2 40.209852 28.837889 43.206906 31.437242
r581 2 37.373875 25.268595 40.20886 28.016546
r582 2 40.209852 25.602827 42.617967 28.837889
r583 2 42.617967 25.602827 45.291629 28.516583
r584 0 30.7068226803851 17.5067182846932 33.0650996803851 19.0553992846932
r585 0 28.6053406803851 17.4990206360783 30.7068226803851 19.2369466360783
r586 0 26.4904475265505 17.4685284523169 28.2543025265505 19.5391174523169
r587 0 23.3941160967678 21.5947606055478 25.0418420967678 23.8112816055478
r588 0 18.3608863100645 23.2213359542735 20.9252253100645 24.6455699542735
r589 0 9.95235146115821 24.87318 12.0209114611582 26.638765
r590 0 0.401720302312698 24.242495700608 2.0454693023127 26.464378700608
r591 1 0 24.994632443718 2.104802 27.866905443718
r592 1 2.104802 25.2808106468415 5.440285 27.0933116468415
r593 1 5.55977986399739 25.3464755278813 7.75924886399739 28.0951245278813
r594 1 6.28882968804262 23.4560096468415 9.62830968804262 25.2663416468415
r595 1 13.5167545908713 32.769937 15.6022235908713 35.668837
r596 1 18.483832778702 29.8646822625372 20.239231778702 33.3086672625372
r597 1 23.1286337686677 28.0413161408582 25.5001127686677 31.4339531408582
r598 2 31.388127 30.9729398952253 35.005655 33.1264548952253
r599 2 34.507707 39.5974 37.302741 42.384629
r600 2 42.663579 42.628737 44.974404 46
r601 0 26.8457 7.5482 28.7736 9.4426
r602 0 27.2509672520939 23.2293348704066 29.7727572520939 24.6775988704066
r603 0 25.1700172520939 23.6398783822325 27.2509672520939 25.3949513822325
r604 0 22.9157695290347 24.3512888879982 25.0944825290347 26.0276088879982
r605 0 16.0127344611582 25.7476531585064 18.3794964611582 27.2907821585064
r606 0 11.3888951338535 29.1659448942469 13.5583681338535 30.8494038942469
r607 0 0 28.5678346814416 1.648768 30.7829546814416
r608 1 0 27.866905443718 2.227621 30.580816443718
r609 1 0.620373904976574 32.771700443718 3.61954690497657 34.787444443718
r610 1 6.02181090497657 32.8855784624905 8.06968990497657 35.8376894624905
r611 1 11.4767135908713 32.769937 13.5167545908713 35.73339
r612 1 18.1934462567717 36.7258098634032 20.8911592567717 38.9668068634032
r613 1 20.7594290756692 34.1655861408582 23.4174070756692 36.4400841408582
r614 1 22.936461778702 31.4339531408582 25.149630778702 34.1655861408582
r615 1 28.3905983012501 31.178433 30.8939633012501 33.59341
r616 1 33.530555423858 35.4873025343122 36.164543423858 37.7825165343122
r617 1 36.3461009899831 35.9152494093316 38.2457319899831 39.0977444093316
r618 0 33.8750771991745 32.2076577897071 35.8878531991745 34.0221757897071
r619 0 31.3545511962969 31.1732827596046 33.3672711962969 32.9878517596047
r620 0 27.0921060905572 31.1477181287494 29.6332170905572 32.5849711287494
r621 0 24.7212749519684 30.5356345942706 26.6029829519684 32.4765405942706
r622 0 14.0232016429664 29.5236107831239 16.6564796429664 30.9105587831239
r623 0 13.0901361338535 30.938054 15.0082721338535 32.8421
r624 0 24.1943 36.7586 26.3673 38.4393
r625 1 4.97376046135021 36.641203061786 5.15122246135021 36.897973061786
r626 1 7.06840167410715 35.9204642904412 9.88233667410715 38.0689032904412
r627 1 9.918779 36.3978295317021 12.19988 39.0481145317021
r628 1 12.3205492567718 35.9518819490412 15.1190182567718 38.1121939490412
r629 1 20.9713710721112 39.612721008254 23.4332160721112 42.0684270082541
r630 1 23.3724466260361 36.4400841408582 25.7512386260361 38.9815281408582
r631 1 23.4174070756692 34.1655861408582 26.1896130756692 36.3463651408582
r632 1 29.1132920938607 33.59341 31.6013960938607 36.023199
r633 1 43.399688 36.633916043146 46 38.958855043146
r634 1 39.7393489240612 38.7858338198116 41.7625679240612 41.7739268198116
r635 0 39.8198506255155 38.9547108149056 41.4742926255155 41.1622338149055
r636 0 34.0099816384877 39.9995075093009 36.2951366384877 41.5977445093009
r637 0 29.9713064069362 39.8664895093009 32.4189934069362 41.3585995093009
r638 0 24.8168181679831 35.162373 27.1048501679831 36.7586
r639 0 15.8766255449856 37.0504135843051 17.6923405449856 39.0618625843051
r640 0 0 36.8606423697616 1.589972 39.1576753697616
r641 0 44.097653 38.5384846808275 46 40.4583336808275
r642 1 2.477424 42.2225201546729 5.200436 45.1771771546729
r643 1 10.0382638034058 43.4376995317021 10.2906128034058 43.6182715317021
r644 1 10.7287428711209 41.723763 13.6097078711209 43.822215
r645 1 16.2355341584337 41.9281748634032 19.3060061584337 44.5484778634032
r646 2 25.455758 39.889893 28.090658 42.846514
r647 1 25.6424180721112 39.3641407772953 28.0525180721112 41.8725707772953
r648 1 28.2214 38.2455 30.0193 41.608
r649 2 28.1885 39.5974 34.4618 46
r650 1 38.9001176977074 41.7739268198116 41.5087356977074 44.0914628198116
r651 1 41.7625679240612 38.958855043146 45.5495819240612 41.083370043146
r652 0 41.4742926255155 38.9547108149055 43.6956686255155 40.5988348149056
r653 0 36.9336616255155 39.9642235041588 38.3892206255155 42.4733755041588
r654 0 32.6451986384877 39.8664895093009 34.0099816384877 42.5425335093009
r655 0 26.3043192727267 39.0004127961672 28.7294352727267 40.5064097961672
r656 0 18.0417551455239 38.5098316285489 19.7247571455239 40.6798936285489
r657 0 13.9894842888567 38.6917515951105 15.5755642888567 40.9944225951105
r658 0 10.5523152268597 38.9075519364391 12.1951632268597 41.1306539364391
r659 1 3.099515 39.3449401546729 5.200436 42.2225201546729
r660 2 9.585018 29.37829 12.726079 31.858471
r661 2 16.095843 43.041742 18.729284 46
r662 2 8.39676347307264 39.802424 10.9056764730726 42.907514
r663 2 43.360796 39.58102 46 42.532819
r664 1 28.2430431720474 28.263239073237 30.3692781720474 31.106559073237
r665 1 27.7733171720474 25.8535677810467 30.3692781720474 28.1824037810467
r666 1 32.9744593012501 27.6961509851273 35.1158523012501 30.5193449851273
r667 1 39.0351019998973 30.8026104093316 41.1739749998973 33.6291304093316
r668 1 43.1261849998973 33.076591177607 45.3103449998973 35.844504177607
r669 0 43.38796 33.0489576311599 46 34.4471826311599
r670 0 38.2833694373982 32.3870742481338 40.2020414373982 34.2905882481338
r671 0 35.8878531991745 32.8062023240972 38.0150811991745 34.5230933240972
r672 0 27.3662177885447 34.7241797961672 28.7523747885447 37.3589587961672
r673 0 21.6472095449856 38.807608 23.6854435449856 40.599462
r674 0 15.7819527677492 39.0618625843051 17.2288297677492 41.5860715843051
r675 0 7.21959656254544 35.4700194550089 8.92024156254544 37.6175694550089
r676 2 0 26.0969 6.3338 32.4383
r677 2 3.198847 32.4383 5.478934 35.855011
r678 2 11.449056 31.858471 14.813843 34.173744
r679 2 14.68526 34.379502 17.978437 36.74512
r680 2 26.433921 25.576224 29.527736 28.09428
r681 1 25.4702941102297 25.1477087666508 27.6836991102297 27.8790507666508
r682 1 28.3357915368394 22.8894447810467 30.3753725368394 25.8535677810467
r683 1 34.4966468732015 22.084718991985 37.4453488732015 24.813229991985
r684 1 39.9149707200995 23.287075 42.6040417200995 25.535274
r685 1 42.711388 24.6777280837619 46 26.5160620837619
r686 0 43.5304678572189 28.2425940055252 45.6595468572189 29.9579930055252
r687 0 39.6142240949186 27.5074775353065 41.2977090949186 29.6769175353065
r688 0 38.2123218572189 29.9074173856615 39.8149908572189 32.1862523856615
r689 0 27.004780491293 32.5849711287494 29.243215491293 34.2165661287494
r690 0 21.0798333903192 32.3456353966246 22.9471673903192 34.3014813966246
r691 2 17.978437 28.6683777315558 24.162997 35.1627837315557
r692 0 5.97040981453123 33.1929894550089 7.57434981453123 35.4700194550089
r693 2 5.478934 32.524122 10.997398 39.802424
r694 2 6.3338 30.127974 9.585018 32.524122
r695 2 32.216287 21.580291 34.40639 25.137385
r696 2 17.654215 25.6727007315558 20.254762 28.6683777315558
r697 1 17.5557916018183 22.0490810278947 20.1469706018183 24.3822150278947
r698 1 20.1469706018183 22.0490810278947 22.4789196018183 24.6415760278947
r699 1 25.3670840790666 22.8831687666508 28.0367500790666 25.1477087666508
r700 1 32.4357263106738 18.5143169484396 34.4869133106738 21.4616679484396
r701 1 37.0493089098029 18.9735212751511 40.0199509098029 21.0086262751511
r702 1 40.443169 18.8550198038792 43.168639 21.0731938038792
r703 0 43.0124287434202 20.762041966373 45.2465767434202 22.396767966373
r704 0 40.3471935710317 20.9067096694851 42.6262695710317 22.5092096694851
r705 0 37.6495081135323 0 40.0131911135323 1.545139
r706 0 31.5842352520939 25.6511870936278 33.6417762520939 27.4262280936278
r707 0 20.5782243903192 30.5992596676378 22.9471673903192 32.1409676676378
r708 0 18.6267863582341 32.3551821602511 20.9156963582341 33.9507971602511
r709 0 3.80534381453123 31.9307115540946 5.50888181453123 34.0746135540946
r710 0 6.23007944311714 28.6309104266214 6.39992144311714 28.7914414266214
r711 0 8.22755401833435 0 9.98968801833434 2.072611
r712 0 13.5531312278637 23.5737292619978 16.1936892278637 24.9568532619978
r713 1 12.3392116880426 22.6785464330117 14.3731316880426 25.6509174330117
r714 1 17.4518382028933 15.9051060278947 19.4280562028933 18.9642660278947
r715 1 19.9060302924265 16.0235890278947 21.9618722924265 18.9642660278947
r716 1 24.172659 15.4594382602256 27.1928 17.4611882602256
r717 1 32.3263516446404 15.2274992941251 34.2342396446404 18.3962212941251
r718 1 36.9068187956748 15.7629944954922 39.3948747956748 18.1928304954922
r719 1 43.226926106445 13.91652 45.462729106445 16.6205
r720 0 43.8769498603161 13.8979105092979 45.7110518603161 15.8891955092979
r721 0 43.1841827518265 17.791470893187 45.0284477518265 19.771782893187
r722 0 37.3010740665092 19.7585079534987 39.4782770665092 21.4359899534987
r723 0 32.9984856513931 22.1799434821492 35.6430856513931 23.5609534821492
r724 0 21.7601603777538 44.409207 24.0560083777538 46
r725 0 18.5485118687994 30.0783141602511 20.2682698687994 32.2019961602511
r726 0 4.2737 37.2766 6.0857 39.2921
r727 0 2.0454693023127 26.0173116981312 3.7108063023127 28.2103936981312
r728 0 6.2815282278637 22.3893771791419 8.5562982278637 23.9949101791419
r729 0 11.9691339178277 21.573598 13.9098399178277 23.4555
r730 1 13.0315771766718 15.8657407819719 14.7759201766718 19.3315527819719
r731 1 15.892656184518 13.8901814814313 18.898770184518 15.9012714814313
r732 1 19.106468232292 13.3361677968754 21.796425232292 15.5836267968754
r733 1 21.796425232292 10.8311870270363 23.765441232292 13.9015370270363
r734 2 0 11.14653 7.794541 16.299501
r735 1 34.7096154637062 12.9629224954922 37.5829584637062 15.7629944954922
r736 1 43.459241 8.85841572783368 46 11.2378487278337
r737 0 44.1948077158683 11.3298667965789 45.8385067158683 13.5518187965789
r738 0 42.2812288603161 13.5706927071077 43.8769498603161 15.8594497071077
r739 0 37.6358077518265 16.7431313715635 39.1769237518265 19.1129853715635
r740 0 33.2108412388478 18.2795957582561 34.9889922388478 20.3335377582561
r741 0 22.5686627940603 19.6085266055478 24.4074277940603 21.5947606055478
r742 0 18.400742001805 21.5637229542735 20.6040420018049 23.2213359542735
r743 0 2.31586841176861 21.247959292096 4.29713141176861 23.091338292096
r744 0 0 19.878819700608 1.736985 21.981439700608
r745 0 4.06243341176862 18.4582041504806 6.03000841176862 20.3144071504806
r746 0 7.84301641176861 18.0374901791419 9.24385041176861 20.6446641791419
r747 1 8.35048438311991 13.1240263998016 10.8697373831199 15.5237723998016
r748 1 14.5632131434343 8.51474081155965 16.3318221434343 11.9330028115597
r749 1 17.2376301529871 9.08114217326032 20.5755711529871 10.8923091732603
r750 1 20.5755711529871 8.7866865128044 23.5633601529871 10.8101115128044
r751 1 24.1400858517137 5.2332928809159 26.0519308517137 8.3954568809159
r752 1 32.0295606903048 7.86844993204996 34.4907966903048 10.32476293205
r753 1 37.954131106445 10.7191124082656 40.595227106445 13.0081504082656
r754 1 42.5230268920555 6.04999372783368 44.6756828920555 8.85841572783368
r755 0 41.7407289426902 9.12367670710771 43.1339819426902 11.7450377071077
r756 0 38.5313651715394 14.5840774121759 38.7160871715394 14.7316774121759
r757 0 33.0650996803851 16.0767336743343 35.3890836803851 17.6482676743343
r758 0 22.7423292938984 15.8678079985341 24.3674202938984 18.1152019985341
r759 0 20.3676894013751 18.1152019985341 23.0278724013751 19.4881219985341
r760 0 16.5372451750053 18.0469 18.3179351750053 20.097913
r761 0 11.7941849117686 17.8285941418288 13.9770839117686 19.5016991418288
r762 0 1.38598741176862 15.6384012117008 2.88481341176862 18.0751212117008
r763 1 5.98970738311991 12.0745022520104 8.35048438311991 15.4825192520104
r764 1 6.62168918229395 9.18756325201042 8.71579818229395 12.0745022520104
r765 1 11.86262 3.00836017760996 14.5591 5.25038217760996
r766 1 16.0845935953945 1.15151467734337 18.5780165953945 3.57611967734337
r767 1 20.8387398473587 3.8119105128044 21.0984068473587 3.9873935128044
r768 1 25.2247654017805 0.622294290406792 28.0101334017805 2.79276729040679
r769 1 28.5650702485059 2.5227797672332 31.6183282485059 4.5028177672332
r770 1 38.9649864126557 0.14975709660263 41.4300214126557 2.60228409660263
r771 1 42.023613231008 4.05308172783368 45.051071231008 6.04999372783368
r772 0 40.4502299754981 5.69867784155736 42.8849709754981 7.19872184155736
r773 0 37.2922477669338 10.3087252773122 39.5007377669338 11.9624432773122
r774 0 33.4367415447955 9.77380778706619 35.3067565447955 11.7268507870662
r775 0 21.9152700738013 13.093770797612 22.0987380738013 13.242379797612
r776 0 19.8758399413329 13.093770797612 21.5675489413329 15.252663797612
r777 0 15.7886531394804 12.8427065651739 17.8970841394804 14.5749045651739
r778 0 13.1766497183443 14.1356053128659 15.2866387183443 15.8665233128659
r779 0 7.34394897399961 13.4344846941555 9.14918397399961 15.4576106941555
r780 0 5.87589797399961 13.111954564057 7.34394897399961 15.599755564057
r781 2 0.121827999999998 0.666404000000002 4.93923 9.003895
r782 2 16.963416 5.677709 19.867692 8.360099
r783 2 7.470532 7.898835 9.869279 11.14653
r784 2 12.39418 8.20718066666667 14.810885 11.4307436666667
r785 2 27.622782 0 30.298629 2.911377
r786 2 33.037493 0 35.686126 2.941291
r787 1 33.5847644126557 0.37728109660263 36.5032574126557 2.44875009660263
r788 1 37.2108889792459 4.90383309660263 40.0151849792458 7.05965709660263
r789 0 36.8271059024751 5.17988720922034 38.4042489024751 7.49560620922034
r790 0 23.8642 9.7756 26.072 11.4299
r791 0 26.2311767776635 5.63987189753268 28.3962957776635 7.32671589753268
r792 0 22.0504428904408 4.98579603908095 23.9776808904408 6.88084903908095
r793 0 17.6733898904408 4.87257106693543 20.1032058904408 6.37565506693543
r794 0 14.8307341370131 7.69917758746025 16.4911601370131 9.89874458746025
r795 0 14.0572872720464 10.2541386049126 16.1969262720464 11.9610706049126
r796 0 7.91835583266418 9.54300469415554 9.89694483266418 11.3888756941555
r797 0 7.61861642779265 11.3888756941555 9.46387042779265 13.3681256941555
r798 2 5.108382 0.074769000000003 7.853922 2.912243
r799 2 14.810885 8.50725366666667 17.475646 11.4307436666667
r800 2 13.377394 3.05216266666667 16.382084 5.64490966666667
r801 2 30.790754 6.047477 32.796292 9.931921
r802 2 4.93923 2.912243 7.853922 5.585047
r803 2 0 9.003895 3.834634 11.035484
r804 2 25.896586 7.3839045 28.725885 10.1373785
r805 1 34.4959316996574 7.30450264728146 37.3269746996574 9.43995864728146
r806 0 33.8236654250967 6.63283276438105 34.0150424250967 6.77530076438105
r807 0 28.7736 6.10734298496764 30.495641 8.22820898496764
r808 0 24.3844447776635 5.12620370870616 26.2311767776635 7.10386970870616
r809 0 20.1032058904408 4.31219123484781 22.0504428904408 6.18778123484782
r810 0 16.8618084742592 3.89411901530409 17.0442544742592 4.04356001530409
r811 0 10.328015 2.62426295301099 12.8593 4.06709495301099
r812 0 8.32419905002744 5.74331599540473 10.6338380500274 7.32460999540473
r813 0 4.23923513701309 7.39284242060859 6.10817613701309 9.34700742060859
r814 0 5.96572142779265 10.902364564057 7.61861642779265 13.111954564057
r815 2 12.708008 22.5963301666667 15.6227 25.2691341666667
NumTsvAssignments 1248
net104 tier0-1 34.281187 11.926851
net104 tier1-2 34.690797 10.039959
net105 tier0-1 33.881187 11.926851
net105 tier1-2 35.490797 9.639959
net106 tier0-1 30.478977 8.587018
net106 tier1-2 35.090797 10.039959
net107 tier0-1 30.078977 8.587018
net107 tier1-2 35.490797 10.039959
net132 tier0-1 43.658950 4.697901
net132 tier1-2 45.651071 4.702818
net133 tier0-1 43.658950 3.497901
net133 tier1-2 45.724304 3.902818
net134 tier0-1 43.258950 3.897901
net134 tier1-2 44.924304 2.976120
net135 tier0-1 44.058950 3.897901
net135 tier1-2 45.324304 3.376120
net256 tier0-1 17.140186 16.141025
net256 tier1-2 15.470606 13.023883
net257 tier0-1 18.160064 15.369738
net257 tier1-2 14.763213 12.223883
net258 tier0-1 15.967007 12.242707
net258 tier1-2 15.163213 12.623883
net259 tier0-1 17.540186 16.141025
net259 tier1-2 16.092656 13.290181
net288 tier0-1 3.860059 12.521481
net289 tier0-1 3.860059 12.921481
net290 tier0-1 3.860059 13.321481
net291 tier0-1 2.055827 14.646141
net304 tier0-1 10.488824 4.297901
net304 tier1-2 10.480666 3.699636
net305 tier0-1 10.888824 4.267095
net305 tier1-2 10.480666 4.499636
net306 tier0-1 10.488824 4.697901
net306 tier1-2 10.005575 4.099636
net307 tier0-1 10.888824 4.667095
net307 tier1-2 10.480666 3.299636
net308 tier0-1 3.862433 18.275987
net309 tier0-1 3.862433 18.675987
net310 tier0-1 3.862433 19.075987
net311 tier0-1 3.462433 18.275987
net324 tier1-2 9.255542 4.800492
net325 tier1-2 9.655542 4.800492
net326 tier1-2 10.055542 4.800492
net327 tier1-2 9.255542 4.400492
net344 tier1-2 10.288373 19.531553
net345 tier1-2 14.975920 19.131553
net346 tier1-2 9.055542 23.236248
net347 tier1-2 14.975920 18.731553
net348 tier1-2 16.779736 24.562344
net349 tier1-2 16.779736 24.962344
net350 tier1-2 16.779736 25.362344
net351 tier1-2 16.779736 25.762344
net424 tier0-1 37.092248 13.382912
net424 tier1-2 42.723027 9.386486
net425 tier0-1 36.692248 13.382912
net425 tier1-2 43.123027 9.786486
net426 tier0-1 36.292248 13.382912
net426 tier1-2 37.782958 15.442069
net427 tier0-1 37.436457 14.784077
net427 tier1-2 43.123027 10.186486
net552 tier0-1 1.655827 14.646141
net553 tier0-1 2.055827 15.046141
net554 tier0-1 6.308176 8.350145
net555 tier0-1 0.490914 11.758719
net556 tier0-1 1.835418 18.275121
net557 tier0-1 1.835418 18.912985
net558 tier0-1 1.835418 19.312985
net559 tier0-1 1.936985 19.712985
net612 tier1-2 17.351956 24.162344
net613 tier1-2 17.351956 23.762344
net614 tier1-2 17.351956 23.362344
net615 tier1-2 16.779736 26.162344
net636 tier1-2 17.528144 25.382215
net637 tier1-2 17.528144 25.782215
net638 tier1-2 17.528144 26.182215
net639 tier1-2 17.528144 26.582215
net644 tier1-2 19.998218 24.841576
net645 tier1-2 20.398218 24.841576
net646 tier1-2 17.528144 24.582215
net647 tier1-2 17.528144 24.982215
net652 tier1-2 21.065572 27.615705
net653 tier1-2 22.665572 27.992903
net654 tier1-2 21.129640 28.015705
net655 tier1-2 21.129640 24.945364
net696 tier0-1 45.209899 24.355021
net696 tier1-2 44.157222 24.408633
net697 tier0-1 45.609899 24.355021
net697 tier1-2 43.757222 24.408633
net698 tier0-1 45.209899 24.755021
net698 tier1-2 44.557222 24.408633
net699 tier0-1 45.453175 23.955021
net699 tier1-2 43.357222 24.408633
net808 tier0-1 3.887385 23.555021
net809 tier0-1 3.887385 23.955021
net810 tier0-1 3.887385 24.355021
net811 tier0-1 0.287993 23.555021
net920 tier1-2 32.335930 25.829077
net921 tier1-2 32.335930 25.429077
net922 tier1-2 32.335930 25.029077
net923 tier1-2 32.335930 24.629077
net940 tier1-2 32.759814 27.580971
net941 tier1-2 32.759814 27.980971
net942 tier1-2 32.335930 26.629077
net943 tier1-2 32.335930 26.229077
net956 tier1-2 40.793619 30.486815
net957 tier1-2 40.793619 30.086815
net958 tier1-2 43.422400 29.958306
net959 tier1-2 43.822400 29.958306
net968 tier0-1 42.741957 35.541535
net968 tier1-2 42.592688 35.565586
net969 tier0-1 43.587960 35.047183
net969 tier1-2 40.650408 35.900726
net970 tier0-1 43.141957 35.541535
net970 tier1-2 43.233506 36.044504
net971 tier0-1 43.987960 35.047183
net971 tier1-2 40.250408 35.900726
net972 tier1-2 42.592688 34.365586
net973 tier1-2 42.592688 34.765586
net974 tier1-2 42.592688 35.165586
net975 tier1-2 39.137841 35.900726
net1080 tier0-1 2.836982 30.013120
net1081 tier0-1 2.436982 30.013120
net1082 tier0-1 2.836982 30.413120
net1083 tier0-1 1.845469 28.010394
net1180 tier1-2 25.349631 33.965586
net1181 tier1-2 38.445732 36.115249
net1182 tier1-2 15.847355 30.600268
net1183 tier1-2 12.120549 35.933390
net1240 tier0-1 35.687853 34.323093
net1241 tier0-1 37.485320 32.548695
net1242 tier0-1 36.087853 32.548695
net1243 tier0-1 36.487853 32.548695
net1352 tier0-1 5.314633 35.064894
net1353 tier0-1 5.314633 34.664894
net1354 tier0-1 5.714633 35.064894
net1355 tier0-1 4.174798 36.217625
net1428 tier1-2 21.691431 42.268427
net1429 tier1-2 18.729893 41.166807
net1430 tier1-2 35.898772 39.822237
net1431 tier1-2 35.898772 40.222237
net1436 tier1-2 18.729893 39.166807
net1437 tier1-2 18.729893 39.566807
net1438 tier1-2 18.729893 39.966807
net1439 tier1-2 18.729893 40.366807
net1448 tier1-2 28.576585 35.680697
net1449 tier1-2 31.401396 36.223199
net1450 tier1-2 28.176585 35.280697
net1451 tier1-2 28.576585 35.280697
net1452 tier1-2 31.401396 37.912194
net1453 tier1-2 31.401396 37.512194
net1454 tier1-2 31.401396 37.094352
net1455 tier1-2 31.141808 36.640084
net1456 tier1-2 33.117399 39.859919
net1457 tier1-2 28.576585 34.480697
net1458 tier1-2 33.117399 40.259919
net1459 tier1-2 28.576585 34.080697
net1460 tier1-2 33.117399 39.059919
net1461 tier1-2 28.176585 34.880697
net1462 tier1-2 33.117399 39.459919
net1463 tier1-2 28.176585 34.480697
net1512 tier0-1 38.837196 37.695387
net1513 tier0-1 40.019851 38.390272
net1514 tier0-1 39.548070 35.904043
net1515 tier0-1 39.948070 35.904043
net1624 tier0-1 6.444789 41.943878
net1625 tier0-1 6.844790 41.943878
net1626 tier0-1 7.244790 41.943878
net1627 tier0-1 5.991371 39.492100
net1660 tier1-2 43.199833 41.283370
net1661 tier1-2 42.799833 41.283370
net1662 tier1-2 42.399833 41.283370
net1663 tier1-2 41.981200 41.283370
net1676 tier1-2 17.119260 44.748478
net1677 tier1-2 16.319260 45.548478
net1678 tier1-2 17.519260 44.748478
net1679 tier1-2 17.119260 45.148478
net1688 tier1-2 13.136190 40.694433
net1689 tier1-2 13.136190 41.094433
net1690 tier1-2 18.393446 40.766807
net1691 tier1-2 13.136190 39.257005
net1692 tier1-2 21.691431 43.222520
net1693 tier1-2 26.501908 43.222520
net1694 tier1-2 26.351298 42.668427
net1695 tier1-2 27.452518 42.472571
net1700 tier1-2 30.219300 38.445500
net1701 tier1-2 30.619300 38.445500
net1702 tier1-2 31.019300 38.445500
net1703 tier1-2 28.176585 35.823199
net1764 tier1-2 31.166174 43.856617
net1765 tier1-2 31.166174 44.256617
net1766 tier1-2 31.166174 44.656617
net1767 tier1-2 30.766174 43.856617
net1784 tier0-1 41.941957 35.656882
net1785 tier0-1 42.341957 35.656882
net1786 tier0-1 43.349885 36.654128
net1787 tier0-1 43.349885 37.054128
net1896 tier0-1 8.638166 38.147865
net1897 tier0-1 6.285700 37.899165
net1898 tier0-1 6.685700 37.899165
net1899 tier0-1 7.085700 37.899165
net1912 tier1-2 6.221811 36.416484
net1913 tier1-2 12.399880 38.312194
net1914 tier1-2 12.799880 38.312194
net1915 tier1-2 13.199880 38.312194
net1916 tier1-2 7.268402 38.312194
net1917 tier1-2 7.268402 38.712194
net1918 tier1-2 7.268402 39.112194
net1919 tier1-2 7.268402 39.512194
net1972 tier1-2 27.852518 43.688734
net1973 tier1-2 27.358525 43.688734
net1974 tier1-2 27.852518 43.272571
net1975 tier1-2 27.358525 43.272571
net2056 tier0-1 43.175688 31.340295
net2057 tier0-1 43.575688 31.340295
net2058 tier0-1 43.975688 31.340295
net2059 tier0-1 44.586104 31.656425
net2168 tier0-1 7.136189 42.343878
net2168 tier1-2 7.889143 41.405014
net2169 tier0-1 7.644790 41.943878
net2169 tier1-2 7.889143 41.005014
net2170 tier0-1 5.830596 41.343146
net2170 tier1-2 7.889143 41.805014
net2171 tier0-1 6.736189 42.343878
net2171 tier1-2 7.889143 42.205014
net2244 tier1-2 42.968639 23.360802
net2245 tier1-2 42.886340 23.760802
net2246 tier1-2 42.880632 24.160802
net2247 tier1-2 34.434240 18.242733
net2252 tier1-2 24.126310 22.070534
net2253 tier1-2 21.008308 21.849081
net2254 tier1-2 21.008308 21.325593
net2255 tier1-2 26.768106 22.615727
net2328 tier0-1 45.355863 27.307478
net2329 tier0-1 45.355863 27.707478
net2330 tier0-1 44.199608 26.132948
net2331 tier0-1 45.355863 26.907478
net2436 tier0-1 19.026780 34.295279
net2436 tier1-2 18.283833 32.433953
net2437 tier0-1 22.928912 34.643863
net2437 tier1-2 19.239232 33.508667
net2438 tier0-1 19.826780 35.350797
net2438 tier1-2 22.670717 33.777610
net2439 tier0-1 20.260971 35.853087
net2439 tier1-2 18.283833 31.233953
net2440 tier0-1 15.581953 41.198835
net2440 tier1-2 16.124353 41.154969
net2441 tier0-1 15.581953 41.598835
net2441 tier1-2 16.524353 41.154969
net2442 tier0-1 15.181953 41.198835
net2442 tier1-2 16.924353 41.154969
net2443 tier0-1 15.761315 41.998835
net2443 tier1-2 17.324353 41.154969
net2460 tier0-1 15.181953 41.598835
net2460 tier1-2 17.724353 41.154969
net2461 tier0-1 16.161315 41.786072
net2461 tier1-2 18.124353 41.222520
net2462 tier0-1 14.781953 41.198835
net2462 tier1-2 17.970770 41.622520
net2463 tier0-1 15.361315 41.998835
net2463 tier1-2 13.409708 41.494433
net2476 tier0-1 1.799319 34.150797
net2476 tier1-2 1.799319 34.987444
net2477 tier0-1 1.799319 33.750797
net2477 tier1-2 1.399319 34.987444
net2478 tier0-1 1.399319 34.150797
net2478 tier1-2 2.199319 34.987444
net2479 tier0-1 2.199319 34.150797
net2479 tier1-2 0.420374 34.095280
net2492 tier0-1 16.292402 33.144156
net2492 tier1-2 15.847355 32.600268
net2493 tier0-1 16.292402 33.544156
net2493 tier1-2 15.847355 32.200268
net2494 tier0-1 16.108063 32.642100
net2494 tier1-2 15.847355 31.800268
net2495 tier0-1 16.292402 33.944156
net2495 tier1-2 15.847355 31.400268
net2504 tier1-2 10.160121 27.752500
net2505 tier1-2 8.759900 27.421338
net2506 tier1-2 11.276714 34.587444
net2507 tier1-2 10.967200 29.286815
net2600 tier0-1 45.453175 22.891338
net2601 tier0-1 45.453175 23.291338
net2602 tier0-1 44.809899 24.218423
net2603 tier0-1 45.453175 22.491338
net2760 tier0-1 11.769134 23.130064
net2761 tier0-1 11.369134 23.130064
net2762 tier0-1 12.220911 26.828717
net2763 tier0-1 12.620911 26.828717
net2872 tier0-1 42.481229 16.510093
net2873 tier0-1 42.881229 16.510093
net2874 tier0-1 42.481229 16.110093
net2875 tier0-1 40.101349 16.543131
net3032 tier0-1 11.316687 19.255976
net3033 tier0-1 11.594185 19.655976
net3034 tier0-1 11.597834 20.055976
net3035 tier0-1 11.597834 20.587866
net3124 tier1-2 5.138854 11.930968
net3125 tier1-2 4.613427 11.930968
net3126 tier1-2 5.538854 12.090181
net3127 tier1-2 5.676921 13.023883
net3144 tier0-1 41.940729 12.149320
net3145 tier0-1 43.333982 11.545038
net3146 tier0-1 43.733982 11.545038
net3147 tier0-1 39.991341 11.960718
net3164 tier0-1 38.141991 3.372810
net3164 tier1-2 42.030021 0.356060
net3165 tier0-1 38.541991 2.894119
net3165 tier1-2 42.430021 0.356060
net3166 tier0-1 38.941991 3.294119
net3166 tier1-2 45.724304 3.502818
net3167 tier0-1 38.941991 4.094119
net3167 tier1-2 44.924304 2.576120
net3304 tier0-1 9.217587 22.589377
net3305 tier0-1 9.617587 22.589377
net3306 tier0-1 10.017587 22.589377
net3307 tier0-1 8.817587 22.589377
net3416 tier1-2 37.537331 7.659657
net3417 tier1-2 37.537331 8.059657
net3418 tier1-2 37.537331 8.459657
net3419 tier1-2 37.537331 8.859657
net3432 tier0-1 38.541991 3.694119
net3432 tier1-2 39.693074 7.259657
net3433 tier0-1 38.541991 3.294119
net3433 tier1-2 39.693074 7.659657
net3434 tier0-1 38.941991 3.694119
net3434 tier1-2 41.630021 0.893757
net3435 tier0-1 38.541991 4.094119
net3435 tier1-2 41.630021 0.493757
net3436 tier1-2 41.630021 2.322780
net3437 tier1-2 44.524304 2.322780
net3438 tier1-2 44.524304 2.722780
net3439 tier1-2 44.524304 3.122780
net3440 tier1-2 42.148413 6.249994
net3441 tier1-2 42.148413 6.649994
net3442 tier1-2 42.148413 7.049994
net3443 tier1-2 42.148413 7.449994
net3444 tier1-2 42.148413 7.849994
net3445 tier1-2 44.875683 6.249994
net3446 tier1-2 44.875683 6.649994
net3447 tier1-2 44.875683 7.049994
net3576 tier0-1 11.341380 16.065789
net3577 tier0-1 13.163568 16.066523
net3578 tier0-1 11.290292 18.028594
net3579 tier0-1 9.219286 7.950145
net3588 tier0-1 8.888948 15.657611
net3589 tier0-1 9.349184 13.903762
net3590 tier0-1 8.888948 16.057611
net3591 tier0-1 6.833685 16.199756
net3612 tier1-2 15.559100 6.863800
net3613 tier1-2 15.959100 6.863800
net3614 tier1-2 14.759100 7.263800
net3615 tier1-2 15.159100 7.263800
net3628 tier1-2 24.751298 44.374619
net3629 tier1-2 25.151298 44.374619
net3630 tier1-2 25.551298 44.374619
net3631 tier1-2 25.951298 44.374619
net3644 tier1-2 21.406571 15.783627
net3645 tier1-2 20.891972 15.783627
net3646 tier1-2 20.491972 15.783627
net3647 tier1-2 21.008308 19.164266
net3660 tier1-2 22.928660 3.787394
net3661 tier1-2 22.928660 3.387394
net3662 tier1-2 19.920737 3.376120
net3663 tier1-2 22.928660 2.987394
net3676 tier1-2 29.865639 7.575798
net3677 tier1-2 29.283503 7.102818
net3678 tier1-2 29.465639 7.575798
net3679 tier1-2 29.856851 10.186486
net3704 tier0-1 41.677209 2.504571
net3705 tier0-1 42.077209 2.504571
net3706 tier0-1 42.195850 4.297901
net3707 tier0-1 42.195850 3.523195
net3848 tier0-1 23.735913 7.080849
net3849 tier0-1 23.287382 7.080849
net3850 tier0-1 24.135913 7.080849
net3851 tier0-1 24.450312 9.325569
net3864 tier1-2 10.405575 4.099636
net3865 tier1-2 10.805575 4.099636
net3866 tier1-2 11.434097 4.099636
net3867 tier1-2 11.662620 4.499636
net3872 tier1-2 6.266467 5.035150
net3873 tier1-2 4.666467 5.035150
net3874 tier1-2 6.666467 5.035150
net3875 tier1-2 4.666467 5.435150
net3944 tier1-2 34.690797 9.639959
net3945 tier1-2 35.090797 9.639959
net3946 tier1-2 37.526975 7.259657
net3947 tier1-2 31.465639 7.575798
net3964 tier1-2 34.509615 15.277040
net3965 tier1-2 34.509615 15.677040
net3966 tier1-2 34.909615 15.962994
net3967 tier1-2 34.509615 16.077040
net3976 tier0-1 37.492217 3.772810
net3977 tier0-1 37.892217 3.772810
net3978 tier0-1 37.492217 4.172810
net3979 tier0-1 37.892217 4.172810
net3980 tier1-2 44.524304 3.776120
net3981 tier1-2 44.924304 3.776120
net3982 tier1-2 45.251071 4.176120
net3983 tier1-2 44.924304 3.376120
net4120 tier0-1 17.498012 4.094119
net4120 tier1-2 17.396361 3.862100
net4121 tier0-1 17.898012 4.094119
net4121 tier1-2 16.996361 3.862100
net4122 tier0-1 17.498012 4.494119
net4122 tier1-2 16.596361 3.862100
net4123 tier0-1 17.898012 4.494119
net4123 tier1-2 16.196361 3.862100
net4224 tier0-1 43.658950 4.297901
net4224 tier1-2 45.251071 4.576120
net4225 tier0-1 43.658950 3.897901
net4225 tier1-2 45.651071 4.302818
net4226 tier0-1 43.258950 4.297901
net4226 tier1-2 45.324304 3.776120
net4227 tier0-1 44.058950 4.297901
net4227 tier1-2 45.251071 4.976120
net4228 tier1-2 45.251071 5.376120
net4229 tier1-2 45.251071 5.776120
net4230 tier1-2 45.275683 6.176120
net4231 tier1-2 45.275683 6.576120
net4232 tier1-2 43.123027 9.058416
net4233 tier1-2 44.875683 7.449994
net4234 tier1-2 44.875683 7.849994
net4235 tier1-2 44.875683 8.249994
net4332 tier0-1 26.795581 3.523195
net4332 tier1-2 24.624765 2.613555
net4333 tier0-1 26.029489 1.408222
net4333 tier1-2 24.624765 2.213555
net4334 tier0-1 26.795581 3.923195
net4334 tier1-2 24.224765 2.613555
net4335 tier0-1 26.029489 1.008222
net4335 tier1-2 24.224765 2.213555
net4436 tier0-1 40.101349 15.984077
net4436 tier1-2 39.548714 15.442069
net4437 tier0-1 37.436457 15.184077
net4437 tier1-2 42.151700 15.803095
net4438 tier0-1 39.278277 19.312985
net4438 tier1-2 39.148714 15.442069
net4439 tier0-1 37.435808 17.502818
net4439 tier1-2 42.151700 16.203095
net4460 tier0-1 32.744813 8.828209
net4461 tier0-1 33.080785 9.973808
net4462 tier0-1 33.080785 10.373808
net4463 tier0-1 30.820934 6.762759
net4532 tier0-1 15.486639 14.374905
net4532 tier1-2 14.270606 13.023883
net4533 tier0-1 15.567007 13.974905
net4533 tier1-2 13.870606 13.023883
net4534 tier0-1 15.940186 16.141025
net4534 tier1-2 14.670606 13.023883
net4535 tier0-1 16.340186 16.141025
net4535 tier1-2 14.975920 16.911849
net4548 tier0-1 21.398062 15.452664
net4548 tier1-2 18.731470 12.890181
net4549 tier0-1 18.147999 11.206745
net4549 tier1-2 16.531822 10.365762
net4550 tier0-1 21.767549 14.569738
net4550 tier1-2 16.931822 10.765762
net4551 tier0-1 21.798062 15.369738
net4551 tier1-2 18.731470 12.490181
net4552 tier0-1 18.560064 15.369738
net4552 tier1-2 15.163213 12.223883
net4553 tier0-1 17.940186 16.141025
net4553 tier1-2 15.563213 12.623883
net4554 tier0-1 18.960064 15.369738
net4554 tier1-2 15.963213 12.890181
net4555 tier0-1 19.360064 15.369738
net4555 tier1-2 15.563213 12.223883
net4556 tier0-1 15.567007 12.642707
net4556 tier1-2 15.070606 13.023883
net4557 tier0-1 16.740186 16.141025
net4557 tier1-2 14.763213 12.623883
net4558 tier0-1 15.567007 12.242707
net4558 tier1-2 14.975920 17.311849
net4559 tier0-1 15.967007 12.642707
net4559 tier1-2 16.092656 13.690181
net4560 tier0-1 16.396926 10.557004
net4560 tier1-2 15.963213 12.490181
net4561 tier0-1 16.396926 10.157004
net4561 tier1-2 18.731470 13.690181
net4562 tier0-1 20.998062 15.452664
net4562 tier1-2 18.731470 13.290181
net4563 tier0-1 21.767549 14.969738
net4563 tier1-2 16.531822 10.765762
net4584 tier0-1 1.257502 2.088726
net4585 tier0-1 2.176033 2.488726
net4586 tier0-1 1.776033 2.488726
net4587 tier0-1 2.151879 2.888726
net4596 tier0-1 9.898132 7.550145
net4596 tier1-2 10.150484 12.924026
net4597 tier0-1 15.567007 13.042707
net4597 tier1-2 10.550484 12.924026
net4598 tier0-1 9.498132 7.550145
net4598 tier1-2 10.950484 12.924026
net4599 tier0-1 15.567007 13.442707
net4599 tier1-2 11.350484 12.945488
net4600 tier0-1 5.548109 15.174905
net4601 tier0-1 3.460059 14.646141
net4602 tier0-1 3.460059 15.046141
net4603 tier0-1 3.460059 15.446141
net4612 tier1-2 8.550484 12.924026
net4613 tier1-2 8.950484 12.924026
net4614 tier1-2 9.350484 12.924026
net4615 tier1-2 9.750484 12.924026
net4628 tier1-2 15.286148 16.111849
net4629 tier1-2 15.286148 16.511849
net4630 tier1-2 12.797362 16.111849
net4631 tier1-2 12.797362 16.511849
net4632 tier1-2 12.797362 17.069634
net4633 tier1-2 12.797362 17.469634
net4634 tier1-2 15.131034 18.255348
net4635 tier1-2 15.286148 17.842733
net4688 tier0-1 45.228448 17.678381
net4688 tier1-2 43.026926 15.803095
net4689 tier0-1 45.682354 17.289196
net4689 tier1-2 45.662729 15.403095
net4690 tier0-1 45.228448 18.078381
net4690 tier1-2 42.626926 15.803095
net4691 tier0-1 45.628448 17.689196
net4691 tier1-2 43.026926 16.203095
net4784 tier0-1 1.192399 1.688726
net4785 tier0-1 1.884216 1.688726
net4786 tier0-1 2.176033 2.088726
net4787 tier0-1 1.776033 2.088726
net4788 tier0-1 0.992399 15.773288
net4789 tier0-1 0.992399 16.173288
net4790 tier0-1 0.992399 16.573288
net4791 tier0-1 0.992399 16.973288
net4828 tier1-2 10.364090 20.421303
net4829 tier1-2 10.364090 20.015201
net4830 tier1-2 10.364090 19.131553
net4831 tier1-2 10.288373 18.731553
net4848 tier1-2 10.967200 30.719345
net4849 tier1-2 10.967200 29.686815
net4850 tier1-2 10.967200 30.086815
net4851 tier1-2 10.967200 28.847126
net4852 tier1-2 10.288373 18.255348
net4853 tier1-2 10.288373 17.842733
net4854 tier1-2 14.112849 25.850917
net4855 tier1-2 19.628056 16.794674
net4860 tier1-2 21.865572 27.615705
net4861 tier1-2 21.865572 28.015705
net4862 tier1-2 22.265572 27.992903
net4863 tier1-2 21.465572 27.615705
net4892 tier0-1 30.921152 23.148768
net4892 tier1-2 30.921152 22.771806
net4893 tier0-1 30.521152 23.148768
net4893 tier1-2 31.321152 22.771806
net4894 tier0-1 30.921152 23.548768
net4894 tier1-2 30.921152 23.171806
net4895 tier0-1 31.321152 23.295345
net4895 tier1-2 31.721152 22.771806
net4976 tier0-1 1.936985 20.936565
net4977 tier0-1 1.936985 21.336565
net4978 tier0-1 1.936985 21.736565
net4979 tier0-1 1.936985 20.536565
net5060 tier1-2 30.569278 29.788934
net5061 tier1-2 25.700113 29.537635
net5062 tier1-2 30.569278 30.188934
net5063 tier1-2 25.700113 29.137635
net5076 tier1-2 32.759814 29.388934
net5077 tier1-2 32.759814 28.988934
net5078 tier1-2 32.759814 28.588934
net5079 tier1-2 34.221608 32.694763
net5088 tier1-2 36.486542 32.694763
net5089 tier1-2 36.086542 32.694763
net5090 tier1-2 35.498655 32.694763
net5091 tier1-2 36.488955 33.094763
net5096 tier0-1 31.668061 1.408222
net5096 tier1-2 25.817449 0.422294
net5097 tier0-1 31.668061 1.808222
net5097 tier1-2 24.624765 1.500549
net5098 tier0-1 31.668061 1.008222
net5098 tier1-2 25.024765 0.893757
net5099 tier0-1 31.268061 1.408222
net5099 tier1-2 25.417449 0.422294
net5100 tier1-2 34.434240 16.477040
net5101 tier1-2 35.309615 16.065741
net5102 tier1-2 35.709615 15.962994
net5103 tier1-2 36.109615 15.962994
net5180 tier0-1 3.486398 31.656425
net5181 tier0-1 2.249543 32.744156
net5182 tier0-1 2.249543 30.582955
net5183 tier0-1 1.012689 31.656425
net5300 tier0-1 40.014991 31.656425
net5301 tier0-1 40.414991 31.730712
net5302 tier0-1 39.359867 29.567305
net5303 tier0-1 38.837196 34.550797
net5384 tier0-1 4.166066 36.617625
net5385 tier0-1 4.166066 37.017625
net5386 tier0-1 4.566066 36.958600
net5387 tier0-1 4.574798 36.537545
net5432 tier1-2 38.700118 42.039658
net5433 tier1-2 38.300118 42.039658
net5434 tier1-2 37.340824 41.868427
net5435 tier1-2 37.740824 41.868427
net5444 tier1-2 26.901908 42.872571
net5445 tier1-2 27.301908 42.872571
net5446 tier1-2 27.701908 42.872571
net5447 tier1-2 27.852518 42.453846
net5448 tier1-2 24.751298 42.872571
net5449 tier1-2 25.151298 42.872571
net5450 tier1-2 25.551298 42.872571
net5451 tier1-2 25.951298 42.472571
net5504 tier0-1 38.589221 40.943146
net5505 tier0-1 38.989221 40.943146
net5506 tier0-1 39.389221 40.943146
net5507 tier0-1 38.589221 41.343146
net5588 tier0-1 1.438712 40.956949
net5589 tier0-1 1.438712 41.417191
net5590 tier0-1 1.838712 41.743146
net5591 tier0-1 2.238712 41.914564
net5616 tier1-2 5.400436 44.563715
net5617 tier1-2 5.400436 44.163715
net5618 tier1-2 7.889143 42.872571
net5619 tier1-2 5.551443 43.763715
net5624 tier1-2 21.691431 44.629687
net5625 tier1-2 22.091431 44.629687
net5626 tier1-2 22.491431 44.629687
net5627 tier1-2 22.891431 44.629687
net5628 tier1-2 16.319260 44.748478
net5629 tier1-2 16.319260 45.148478
net5630 tier1-2 16.719260 44.748478
net5631 tier1-2 16.719260 45.148478
net5640 tier1-2 21.691431 42.668427
net5641 tier1-2 36.911838 43.017060
net5642 tier1-2 37.340824 42.268427
net5643 tier1-2 37.740824 42.268427
net5644 tier1-2 24.751298 41.918067
net5645 tier1-2 25.151298 41.918067
net5646 tier1-2 25.951239 36.694352
net5647 tier1-2 25.551298 42.072571
net5692 tier1-2 31.217453 42.422520
net5693 tier1-2 31.217453 42.822520
net5694 tier1-2 31.217453 42.022520
net5695 tier1-2 31.217453 41.622520
net5708 tier0-1 2.189972 37.603085
net5709 tier0-1 1.859883 36.758959
net5710 tier0-1 2.589972 37.417569
net5711 tier0-1 2.589972 36.937545
net5792 tier0-1 1.835606 40.226965
net5793 tier0-1 2.235606 40.226965
net5794 tier0-1 1.835606 39.819103
net5795 tier0-1 2.235606 39.761841
net5804 tier1-2 2.677424 41.094433
net5805 tier1-2 2.677424 41.494433
net5806 tier1-2 2.677424 41.894433
net5807 tier1-2 1.635606 43.534696
net5808 tier1-2 11.720549 35.933390
net5809 tier1-2 11.301443 35.933390
net5810 tier1-2 12.862740 38.781528
net5811 tier1-2 13.262740 38.781528
net5848 tier1-2 25.989613 33.561745
net5849 tier1-2 25.989613 33.961745
net5850 tier1-2 28.176585 33.561745
net5851 tier1-2 28.176585 33.961745
net5912 tier0-1 41.765272 31.733387
net5913 tier0-1 42.165272 31.340295
net5914 tier0-1 42.565272 31.340295
net5915 tier0-1 41.365272 31.733387
net5996 tier0-1 14.068602 27.022110
net5996 tier1-2 15.633400 27.302105
net5997 tier0-1 13.668602 27.022110
net5997 tier1-2 15.233400 27.302105
net5998 tier0-1 16.249705 29.058398
net5998 tier1-2 16.033400 27.302105
net5999 tier0-1 13.674515 28.036387
net5999 tier1-2 14.833400 27.302105
net6052 tier1-2 22.278920 24.841576
net6053 tier1-2 21.878920 24.841576
net6054 tier1-2 22.678920 22.215727
net6055 tier1-2 23.374613 22.070534
net6060 tier1-2 17.613755 19.401027
net6061 tier1-2 18.013755 19.401027
net6062 tier1-2 18.413755 19.401027
net6063 tier1-2 17.355792 22.249081
net6116 tier0-1 41.765272 29.443758
net6117 tier0-1 41.765272 29.043758
net6118 tier0-1 42.841210 26.622110
net6119 tier0-1 41.097709 26.828717
net6196 tier0-1 19.426780 34.150797
net6196 tier1-2 19.639232 33.508667
net6197 tier0-1 19.826780 34.550797
net6197 tier1-2 22.270717 33.777610
net6198 tier0-1 19.426780 34.550797
net6198 tier1-2 18.283833 31.633953
net6199 tier0-1 19.826780 34.950797
net6199 tier1-2 18.283833 32.033953
net6200 tier0-1 12.354156 27.330102
net6200 tier1-2 11.686500 28.047126
net6201 tier0-1 11.954156 27.330102
net6201 tier1-2 10.960121 27.647126
net6202 tier0-1 12.754156 27.330102
net6202 tier1-2 11.286500 28.047126
net6203 tier0-1 11.554156 27.330102
net6203 tier1-2 11.686500 28.447126
net6216 tier0-1 13.154156 27.330102
net6216 tier1-2 14.112849 27.647126
net6217 tier0-1 13.554156 27.636387
net6217 tier1-2 10.560121 27.647126
net6218 tier0-1 11.820911 26.930102
net6218 tier1-2 11.286500 28.447126
net6219 tier0-1 13.020911 26.930102
net6219 tier1-2 11.686500 28.847126
net6228 tier0-1 1.789972 37.158959
net6228 tier1-2 0.999319 35.016400
net6229 tier0-1 1.459883 36.660642
net6229 tier1-2 0.599319 35.016400
net6230 tier0-1 2.189972 37.158959
net6230 tier1-2 2.599319 35.016400
net6231 tier0-1 1.789972 37.558959
net6231 tier1-2 0.420374 34.616400
net6240 tier0-1 44.331789 38.338485
net6240 tier1-2 45.749582 39.158855
net6241 tier0-1 43.897653 38.390272
net6241 tier1-2 44.880398 36.433916
net6242 tier0-1 44.331789 37.938485
net6242 tier1-2 45.749582 39.558855
net6243 tier0-1 44.731789 38.338485
net6243 tier1-2 45.280398 36.433916
net6248 tier1-2 19.628056 16.362994
net6249 tier1-2 19.628056 15.962994
net6250 tier1-2 20.028056 15.783627
net6251 tier1-2 21.855890 19.721578
net6320 tier0-1 42.841210 26.073576
net6321 tier0-1 43.241210 26.073576
net6322 tier0-1 43.641210 26.073576
net6323 tier0-1 44.809899 24.618423
net6440 tier0-1 16.068602 25.156853
net6441 tier0-1 16.468602 25.153768
net6442 tier0-1 16.868602 25.153768
net6443 tier0-1 17.268602 25.153768
net6524 tier0-1 42.111077 1.114126
net6525 tier0-1 42.111077 1.514126
net6526 tier0-1 42.111077 1.914127
net6527 tier0-1 42.111077 2.904571
net6644 tier0-1 16.390420 21.802068
net6645 tier0-1 16.390420 22.202068
net6646 tier0-1 16.390420 22.602068
net6647 tier0-1 16.629431 20.686484
net6712 tier1-2 5.276921 13.823883
net6713 tier1-2 5.676921 13.823883
net6714 tier1-2 5.276921 14.223883
net6715 tier1-2 5.676921 14.223883
net6728 tier0-1 39.821956 15.584077
net6729 tier0-1 42.393576 8.923677
net6730 tier0-1 42.793576 8.923677
net6731 tier0-1 43.799355 8.794353
net6744 tier0-1 43.333982 9.358012
net6745 tier0-1 43.733982 9.358012
net6746 tier0-1 44.133982 9.194353
net6747 tier0-1 43.333982 8.958012
net6848 tier0-1 10.643850 20.215467
net6849 tier0-1 11.043850 20.215467
net6850 tier0-1 15.377084 17.752801
net6851 tier0-1 6.833685 16.999756
net6944 tier0-1 41.593576 8.923677
net6945 tier0-1 39.991341 9.865431
net6946 tier0-1 39.991341 10.265431
net6947 tier0-1 39.991341 10.665431
net7052 tier0-1 10.298132 7.950145
net7053 tier0-1 10.298132 7.550145
net7054 tier0-1 9.898132 7.950145
net7055 tier0-1 10.698132 7.790941
net7060 tier0-1 10.941380 16.065789
net7061 tier0-1 6.433685 16.199756
net7062 tier0-1 6.833685 16.599756
net7063 tier0-1 9.663870 11.844031
net7080 tier1-2 18.778017 1.476633
net7081 tier1-2 19.178017 1.476633
net7082 tier1-2 19.749377 1.476633
net7083 tier1-2 20.149377 1.293757
net7092 tier1-2 19.920737 1.900549
net7093 tier1-2 19.289643 2.192767
net7094 tier1-2 19.920737 2.300549
net7095 tier1-2 19.520737 2.592767
net7104 tier1-2 18.889643 1.900549
net7105 tier1-2 18.778017 2.300549
net7106 tier1-2 18.778017 2.700549
net7107 tier1-2 20.549377 1.293757
net7116 tier1-2 29.054327 5.502818
net7117 tier1-2 28.210133 2.592767
net7118 tier1-2 29.054327 5.902818
net7119 tier1-2 29.054327 6.302818
net7128 tier1-2 29.283503 4.702818
net7129 tier1-2 28.883503 4.702818
net7130 tier1-2 29.283503 5.102818
net7131 tier1-2 28.883503 5.102818
net7148 tier0-1 40.650230 7.398722
net7149 tier0-1 41.050230 7.398722
net7150 tier0-1 41.450230 7.398722
net7151 tier0-1 41.417741 5.498678
net7256 tier0-1 8.524199 7.628209
net7257 tier0-1 8.924199 7.524610
net7258 tier0-1 12.598951 8.096705
net7259 tier0-1 7.602405 8.350145
net7268 tier1-2 15.559100 7.263800
net7269 tier1-2 15.959100 7.263800
net7270 tier1-2 11.744009 7.517527
net7271 tier1-2 12.144009 7.517527
net7272 tier1-2 5.066467 5.035150
net7273 tier1-2 5.066467 5.435150
net7274 tier1-2 5.466467 5.035150
net7275 tier1-2 5.866467 5.035150
net7328 tier1-2 31.065639 7.575798
net7329 tier1-2 30.665639 7.575798
net7330 tier1-2 30.265639 7.575798
net7331 tier1-2 29.283503 6.702818
net7344 tier1-2 30.957106 12.759002
net7345 tier1-2 31.357106 13.159002
net7346 tier1-2 31.757106 13.559002
net7347 tier1-2 30.557106 12.759002
net7352 tier0-1 36.334744 7.165830
net7353 tier0-1 34.745592 6.832833
net7354 tier0-1 34.345592 6.832833
net7355 tier0-1 37.492217 4.979887
net7460 tier0-1 21.109040 6.680849
net7460 tier1-2 23.292404 6.020033
net7461 tier0-1 20.709040 6.680849
net7461 tier1-2 18.974509 8.714741
net7462 tier0-1 21.509040 6.680849
net7462 tier1-2 23.292404 5.620033
net7463 tier0-1 22.887382 7.107637
net7463 tier1-2 23.692404 6.020033
net7524 tier1-2 31.757106 12.759002
net7525 tier1-2 31.357106 12.759002
net7526 tier1-2 31.757106 13.159002
net7527 tier1-2 37.526975 9.259657
net7532 tier0-1 33.080785 6.832833
net7533 tier0-1 33.480785 6.832833
net7534 tier0-1 32.680785 7.165488
net7535 tier0-1 32.744813 7.565488
net7604 tier0-1 45.129620 9.464341
net7604 tier1-2 44.626926 13.450669
net7605 tier0-1 44.933982 9.064341
net7605 tier1-2 45.026926 13.450669
net7606 tier0-1 45.529620 9.654139
net7606 tier1-2 45.426926 13.450669
net7607 tier0-1 44.416657 8.428209
net7607 tier1-2 45.662729 13.850669
net7680 tier0-1 41.593576 8.523677
net7680 tier1-2 40.395227 10.452028
net7681 tier0-1 41.993576 8.923677
net7681 tier1-2 42.723027 9.786486
net7682 tier0-1 41.593576 8.123677
net7682 tier1-2 39.995227 10.452028
net7683 tier0-1 41.993576 8.523677
net7683 tier1-2 42.723027 10.186486
net7700 tier0-1 38.078730 7.968192
net7701 tier0-1 32.744813 8.428209
net7702 tier0-1 37.457087 9.789785
net7703 tier0-1 32.744813 8.028209
net7792 tier0-1 1.290914 11.629900
net7793 tier0-1 1.290914 12.029900
net7794 tier0-1 1.290914 11.229900
net7795 tier0-1 0.890914 11.629900
net7800 tier0-1 14.630734 7.899178
net7800 tier1-2 14.359100 7.517527
net7801 tier0-1 14.230734 7.899178
net7801 tier1-2 13.959100 7.517527
net7802 tier0-1 13.830734 7.899178
net7802 tier1-2 15.875851 7.663800
net7803 tier0-1 13.430734 7.899178
net7803 tier1-2 13.559100 7.517527
net7804 tier0-1 2.455827 15.121586
net7805 tier0-1 2.455827 14.685200
net7806 tier0-1 2.855827 14.646141
net7807 tier0-1 2.855827 15.046141
net7812 tier1-2 6.902909 8.944634
net7813 tier1-2 7.302909 8.944634
net7814 tier1-2 8.109354 8.944634
net7815 tier1-2 8.509354 8.944634
net7824 tier1-2 6.421689 10.275213
net7825 tier1-2 5.852583 10.275213
net7826 tier1-2 5.852583 10.675213
net7827 tier1-2 6.252583 10.675213
net7828 tier1-2 5.852583 11.075213
net7829 tier1-2 5.852583 11.475213
net7830 tier1-2 6.252583 11.075213
net7831 tier1-2 8.346604 23.236248
net7836 tier1-2 14.294774 22.275212
net7837 tier1-2 17.351956 22.649081
net7838 tier1-2 13.894774 22.275212
net7839 tier1-2 13.361101 22.275212
net7864 tier0-1 39.991341 11.560718
net7864 tier1-2 43.426926 13.450669
net7865 tier0-1 39.991341 11.160718
net7865 tier1-2 43.826926 13.450669
net7866 tier0-1 40.101349 14.784077
net7866 tier1-2 43.023489 11.037849
net7867 tier0-1 40.101349 15.184077
net7867 tier1-2 44.226926 13.450669
net7928 tier0-1 0.890914 10.958719
net7929 tier0-1 0.890914 12.029900
net7930 tier0-1 0.490914 10.958719
net7931 tier0-1 0.490914 11.358719
net7932 tier0-1 1.052401 17.373288
net7933 tier0-1 1.052401 17.773288
net7934 tier0-1 1.052401 18.173288
net7935 tier0-1 1.052401 18.573288
net7968 tier1-2 40.870600 28.295125
net7969 tier1-2 40.361316 28.295125
net7970 tier1-2 37.639175 25.847935
net7971 tier1-2 37.639175 25.447935
net7980 tier1-2 40.793619 29.686815
net7981 tier1-2 40.793619 29.286815
net7982 tier1-2 40.793619 28.886815
net7983 tier1-2 40.361316 28.753619
net8000 tier0-1 45.755863 27.064379
net8000 tier1-2 43.022400 27.029077
net8001 tier0-1 45.355863 26.507478
net8001 tier1-2 43.022400 27.429077
net8002 tier0-1 45.755863 26.664379
net8002 tier1-2 45.471663 27.029077
net8003 tier0-1 45.755863 27.464379
net8003 tier1-2 45.471663 27.429077
net8056 tier0-1 1.052401 26.664379
net8057 tier0-1 1.452401 26.664379
net8058 tier0-1 0.652401 26.664379
net8059 tier0-1 1.052401 27.064379
net8112 tier1-2 25.349631 31.849697
net8113 tier1-2 25.700113 30.886814
net8114 tier1-2 25.874006 29.937635
net8115 tier1-2 25.874006 30.479946
net8124 tier1-2 31.093963 32.694763
net8125 tier1-2 31.093963 33.094763
net8126 tier1-2 33.821608 32.694763
net8127 tier1-2 30.569278 30.978433
net8132 tier1-2 35.898772 38.222237
net8133 tier1-2 35.898772 38.622237
net8134 tier1-2 35.898772 39.022237
net8135 tier1-2 35.898772 39.422237
net8136 tier0-1 43.818991 44.209207
net8136 tier1-2 43.818991 44.291463
net8137 tier0-1 43.818991 44.609207
net8137 tier1-2 43.818991 44.691463
net8138 tier0-1 43.818991 43.809207
net8138 tier1-2 43.818991 43.891463
net8139 tier0-1 43.418992 44.209207
net8139 tier1-2 43.418992 44.291463
net8140 tier1-2 42.663864 43.818272
net8141 tier1-2 43.341428 43.818272
net8142 tier1-2 42.263864 44.114368
net8143 tier1-2 41.786300 44.114368
net8192 tier0-1 0.824384 28.367835
net8193 tier0-1 1.224384 28.367835
net8194 tier0-1 1.848768 30.013120
net8195 tier0-1 0.824384 27.967835
net8272 tier0-1 37.095916 36.427376
net8273 tier0-1 37.095916 36.864488
net8274 tier0-1 37.095916 37.264488
net8275 tier0-1 36.695916 36.864488
net8328 tier0-1 13.036792 36.969588
net8329 tier0-1 13.436792 36.969588
net8330 tier0-1 20.179576 37.158959
net8331 tier0-1 13.478955 37.369588
net8372 tier1-2 25.951298 42.072571
net8373 tier1-2 24.751298 42.318067
net8374 tier1-2 25.151298 42.472571
net8375 tier1-2 25.551298 42.472571
net8396 tier1-2 30.357344 43.856617
net8397 tier1-2 28.913292 34.880697
net8398 tier1-2 29.957344 43.856617
net8399 tier1-2 30.357344 44.256617
net8408 tier0-1 40.647072 41.362234
net8409 tier0-1 40.587828 38.754711
net8410 tier0-1 41.047072 41.362234
net8411 tier0-1 41.674293 40.798835
net8464 tier0-1 42.984981 41.194423
net8465 tier0-1 17.428830 41.417191
net8466 tier0-1 17.828830 41.743146
net8467 tier0-1 16.561315 41.786072
net8484 tier1-2 10.911928 33.085578
net8485 tier1-2 10.911928 33.485578
net8486 tier1-2 10.955548 35.423199
net8487 tier1-2 10.911928 34.987444
net8492 tier1-2 17.919260 44.748478
net8493 tier1-2 17.519260 45.148478
net8494 tier1-2 16.719260 45.548478
net8495 tier1-2 17.119260 45.548478
net8496 tier1-2 17.570770 41.554969
net8497 tier1-2 17.170770 41.554969
net8498 tier1-2 16.124353 41.554969
net8499 tier1-2 16.524353 41.554969
net8500 tier1-2 26.773208 42.072571
net8501 tier1-2 27.173208 42.072571
net8502 tier1-2 26.373208 42.072571
net8503 tier1-2 26.773208 42.472571
net8520 tier1-2 30.219300 41.405014
net8521 tier1-2 30.718377 41.405014
net8522 tier1-2 29.120350 43.856617
net8523 tier1-2 29.520350 43.856617
net8528 tier1-2 37.340824 42.822520
net8529 tier1-2 37.740824 42.822520
net8530 tier1-2 38.140824 42.822520
net8531 tier1-2 38.540824 42.822520
net8532 tier1-2 33.845156 40.936117
net8533 tier1-2 33.281278 40.694433
net8534 tier1-2 34.621608 32.694763
net8535 tier1-2 35.021608 32.694763
net8544 tier0-1 43.895669 39.799508
net8545 tier0-1 43.895669 40.199508
net8546 tier0-1 43.895669 39.399508
net8547 tier0-1 42.584981 40.798835
net8600 tier0-1 4.349975 40.219103
net8601 tier0-1 4.749975 40.398835
net8602 tier0-1 5.149975 40.398835
net8603 tier0-1 5.549975 40.543146
net8608 tier1-2 5.821811 33.510680
net8609 tier1-2 10.882337 35.823199
net8610 tier1-2 10.911928 33.885578
net8611 tier1-2 5.421811 33.510680
net8612 tier1-2 3.366900 35.423199
net8613 tier1-2 3.366900 34.987444
net8614 tier1-2 3.366900 35.823199
net8615 tier1-2 3.884761 33.628624
net8636 tier1-2 44.480398 36.044504
net8637 tier1-2 43.633506 36.145236
net8638 tier1-2 44.056952 36.145236
net8639 tier1-2 36.688752 40.536117
net8680 tier0-1 44.218265 34.647183
net8681 tier0-1 44.618265 34.647183
net8682 tier0-1 45.018265 34.647183
net8683 tier0-1 43.818265 34.647183
net8732 tier0-1 22.928912 35.043863
net8732 tier1-2 18.839232 33.508667
net8733 tier0-1 16.108063 32.001996
net8733 tier1-2 18.283833 30.833953
net8734 tier0-1 19.826780 35.750797
net8734 tier1-2 18.283833 30.433953
net8735 tier0-1 20.260971 36.253087
net8735 tier1-2 25.349631 32.249697
net8736 tier0-1 1.849543 30.413120
net8736 tier1-2 3.166900 28.041761
net8737 tier0-1 3.910806 27.225578
net8737 tier1-2 3.166900 27.641761
net8738 tier0-1 1.845469 27.610394
net8738 tier1-2 2.766900 28.041761
net8739 tier0-1 1.445469 27.967835
net8739 tier1-2 3.566900 28.041761
net8772 tier1-2 27.883699 25.653568
net8773 tier1-2 25.874006 28.079051
net8774 tier1-2 25.874006 28.479051
net8775 tier1-2 25.270294 25.447935
net8780 tier1-2 25.168106 22.683169
net8781 tier1-2 25.568106 22.683169
net8782 tier1-2 25.968106 22.683169
net8783 tier1-2 26.368106 22.683169
net8816 tier0-1 44.599608 26.073576
net8817 tier0-1 44.809899 25.673576
net8818 tier0-1 44.999608 26.073576
net8819 tier0-1 44.809899 25.273576
net8856 tier0-1 20.888911 30.399260
net8856 tier1-2 20.652589 31.136212
net8857 tier0-1 20.888911 29.999260
net8857 tier1-2 20.652589 30.736212
net8858 tier0-1 20.488911 30.399260
net8858 tier1-2 21.070717 33.777610
net8859 tier0-1 20.888911 29.599260
net8859 tier1-2 20.652589 30.336212
net8864 tier0-1 16.108063 31.601996
net8864 tier1-2 25.349631 32.649697
net8865 tier0-1 22.516587 35.853087
net8865 tier1-2 25.349631 33.049697
net8866 tier0-1 22.928912 35.443863
net8866 tier1-2 25.349631 33.449697
net8867 tier0-1 19.860971 36.150797
net8867 tier1-2 15.847355 31.000268
net8868 tier0-1 20.888911 29.199260
net8868 tier1-2 20.670717 33.777610
net8869 tier0-1 20.888911 28.799260
net8869 tier1-2 21.470717 33.777610
net8870 tier0-1 19.826780 34.150797
net8870 tier1-2 20.039232 33.508667
net8871 tier0-1 20.888911 28.399260
net8871 tier1-2 21.870717 33.777610
net8872 tier0-1 9.120242 36.183579
net8872 tier1-2 8.269690 35.720464
net8873 tier0-1 9.120242 35.783579
net8873 tier1-2 8.669690 35.720464
net8874 tier0-1 8.238166 37.817569
net8874 tier1-2 9.069690 35.720464
net8875 tier0-1 7.838166 37.817569
net8875 tier1-2 6.868402 36.145236
net8884 tier0-1 7.019597 37.405070
net8884 tier1-2 9.469690 35.720464
net8885 tier0-1 6.619597 37.405070
net8885 tier1-2 10.082337 36.145236
net8886 tier0-1 5.770410 34.664894
net8886 tier1-2 9.869690 35.720464
net8887 tier0-1 5.770410 34.264894
net8887 tier1-2 10.482337 36.145236
net8892 tier0-1 7.959409 31.046595
net8892 tier1-2 7.959409 30.576266
net8893 tier0-1 8.359409 31.046595
net8893 tier1-2 8.944300 31.306559
net8894 tier0-1 8.759409 31.046595
net8894 tier1-2 7.559409 30.576266
net8895 tier0-1 9.159409 31.046595
net8895 tier1-2 8.359409 30.576266
net8900 tier0-1 32.798486 23.360953
net8900 tier1-2 32.345986 23.360802
net8901 tier0-1 32.398486 23.360953
net8901 tier1-2 32.345986 22.960802
net8902 tier0-1 31.998486 23.360953
net8902 tier1-2 32.345986 23.760802
net8903 tier0-1 33.841776 25.796587
net8903 tier1-2 31.945986 23.195183
net8904 tier1-2 17.128144 26.970539
net8905 tier1-2 17.128144 26.562344
net8906 tier1-2 14.112849 26.962344
net8907 tier1-2 14.112849 26.562344
net8952 tier0-1 43.212429 20.444664
net8953 tier0-1 43.770966 20.444664
net8954 tier0-1 43.212429 19.971783
net8955 tier0-1 43.612429 19.971783
net9032 tier0-1 14.468602 25.156853
net9033 tier0-1 14.868602 25.156853
net9034 tier0-1 15.268602 25.156853
net9035 tier0-1 15.668602 25.156853
net9076 tier1-2 5.533314 15.067883
net9077 tier1-2 5.133314 15.149284
net9078 tier1-2 5.276921 14.667883
net9079 tier1-2 31.757106 14.623883
net9088 tier0-1 45.682354 16.089196
net9089 tier0-1 45.682354 16.489196
net9090 tier0-1 42.984183 16.059450
net9091 tier0-1 45.682354 16.889196
net9168 tier0-1 14.177084 17.752801
net9169 tier0-1 14.577084 17.752801
net9170 tier0-1 14.977084 17.752801
net9171 tier0-1 11.594185 18.428594
net9200 tier1-2 5.276921 12.566362
net9201 tier1-2 5.276921 12.966362
net9202 tier1-2 5.276921 13.423883
net9203 tier1-2 5.676921 13.423883
net9208 tier1-2 31.757106 14.101537
net9209 tier1-2 31.357106 14.101537
net9210 tier1-2 30.957106 14.101537
net9211 tier1-2 30.367361 14.101537
net9212 tier1-2 5.193141 8.029910
net9213 tier1-2 5.452583 10.748391
net9214 tier1-2 5.052583 10.748391
net9215 tier1-2 4.793141 8.029910
net9224 tier0-1 45.526814 10.054139
net9225 tier0-1 45.526814 10.454139
net9226 tier0-1 45.526814 10.854139
net9227 tier0-1 44.729620 9.464341
net9236 tier0-1 44.816657 7.654205
net9237 tier0-1 44.816657 8.054205
net9238 tier0-1 44.533982 8.828209
net9239 tier0-1 44.416657 7.654205
net9304 tier0-1 9.443850 20.215467
net9305 tier0-1 9.843850 20.215467
net9306 tier0-1 10.243850 20.215467
net9307 tier0-1 11.290292 18.828594
net9308 tier0-1 6.833685 17.399756
net9309 tier0-1 6.433685 16.599756
net9310 tier0-1 6.433685 16.999756
net9311 tier0-1 6.433685 17.399756
net9368 tier0-1 43.018355 7.654205
net9369 tier0-1 43.399355 8.054205
net9370 tier0-1 43.399355 8.454205
net9371 tier0-1 42.999355 8.054205
net9432 tier0-1 1.655827 15.046141
net9433 tier0-1 1.255827 14.573288
net9434 tier0-1 1.255827 14.973288
net9435 tier0-1 1.255827 15.373288
net9444 tier0-1 5.675898 13.903762
net9445 tier0-1 5.675898 14.303762
net9446 tier0-1 5.675898 14.774905
net9447 tier0-1 6.609923 15.799756
net9448 tier1-2 6.289012 7.629910
net9449 tier1-2 5.889012 7.629910
net9450 tier1-2 5.489012 7.629910
net9451 tier1-2 5.089012 7.629910
net9456 tier1-2 6.368052 4.329371
net9457 tier1-2 5.968052 4.329371
net9458 tier1-2 5.568052 4.635150
net9459 tier1-2 5.168052 4.329371
net9460 tier1-2 15.473795 6.463800
net9461 tier1-2 15.873795 6.463800
net9462 tier1-2 14.759100 6.702818
net9463 tier1-2 15.159100 6.863800
net9468 tier1-2 12.544009 7.629910
net9469 tier1-2 8.869905 2.563817
net9470 tier1-2 9.269906 2.893757
net9471 tier1-2 8.869905 3.293757
net9476 tier1-2 15.475851 7.975798
net9477 tier1-2 15.875851 8.195457
net9478 tier1-2 14.763213 7.975798
net9479 tier1-2 16.531822 9.386486
net9484 tier1-2 26.617449 0.422294
net9485 tier1-2 27.017449 0.422294
net9486 tier1-2 27.417449 0.422294
net9487 tier1-2 27.817449 0.422294
net9492 tier1-2 26.217449 0.422294
net9493 tier1-2 25.024765 1.693757
net9494 tier1-2 25.024765 2.093757
net9495 tier1-2 25.024765 2.493757
net9504 tier0-1 41.867600 5.251538
net9505 tier0-1 42.267600 5.251538
net9506 tier0-1 42.667600 5.251538
net9507 tier0-1 43.202471 5.251538
net9576 tier0-1 2.176033 3.372810
net9576 tier1-2 2.530529 4.800492
net9577 tier0-1 1.376033 2.495586
net9577 tier1-2 2.530529 5.200492
net9578 tier0-1 2.530529 1.096300
net9578 tier1-2 2.530529 4.400492
net9579 tier0-1 0.976033 2.495586
net9579 tier1-2 2.130529 4.800492
net9624 tier1-2 34.361809 5.103833
net9625 tier1-2 33.961809 5.103833
net9626 tier1-2 41.630021 1.293757
net9627 tier1-2 41.630021 1.693757
net9636 tier1-2 28.111235 10.489916
net9637 tier1-2 28.511235 10.489916
net9638 tier1-2 26.911236 10.489916
net9639 tier1-2 25.024765 1.293757
net9640 tier0-1 38.604249 5.230198
net9641 tier0-1 37.892217 4.979887
net9642 tier0-1 38.292217 4.830198
net9643 tier0-1 38.692217 4.830198
net9712 tier0-1 6.481152 1.445824
net9712 tier1-2 6.481152 1.500549
net9713 tier0-1 6.481152 1.045824
net9713 tier1-2 6.481152 1.100549
net9714 tier0-1 6.881152 1.445824
net9714 tier1-2 6.081152 1.500549
net9715 tier0-1 6.481152 0.645824
net9715 tier1-2 6.881152 1.500549
net9748 tier1-2 26.437292 8.195457
net9749 tier1-2 29.098695 10.186486
net9750 tier1-2 27.311236 10.489916
net9751 tier1-2 27.711236 10.489916
net9752 tier0-1 38.478730 7.695606
net9753 tier0-1 38.878730 7.846099
net9754 tier0-1 32.828276 4.705806
net9755 tier0-1 39.278730 7.846099
net9788 tier0-1 10.776936 24.638848
net9788 tier1-2 14.512849 27.702105
net9789 tier0-1 10.376936 24.638848
net9789 tier1-2 14.912849 27.702105
net9790 tier0-1 17.668602 25.153768
net9790 tier1-2 16.433400 27.302105
net9791 tier0-1 9.976936 24.638848
net9791 tier1-2 16.833400 27.370539
