[Iter 1000] geometry_scale=10.000000
r0 11.101555 16.232902 11.334658 16.428382
r1 6.456108 18.054436 6.711520 18.232842
r2 15.210740 16.739792 15.388999 16.995415
r3 11.567300 21.625619 11.747050 21.879121
r4 10.672380 14.594007 10.900297 14.793935
r5 7.538136 15.105609 7.797687 15.281170
r6 13.590013 18.013368 13.767844 18.269605
r7 11.097059 22.016045 11.281623 22.262936
r8 14.785200 16.398840 14.970262 16.645065
r9 7.271691 14.065480 7.467621 14.298048
r10 15.786852 20.091098 16.010243 20.295076
r11 10.189743 21.866787 10.425965 22.059686
r12 10.537375 14.006952 10.738301 14.233737
r13 8.554773 14.120128 8.843291 14.278063
r14 14.720653 18.958283 14.908992 19.200224
r15 9.986865 20.372391 10.236416 20.554987
r16 10.117152 17.280619 10.304676 17.523612
r17 8.350737 18.802661 8.607050 18.980440
r18 10.658714 19.550245 10.847806 19.791223
r19 9.679160 20.944887 9.862630 21.193250
r20 11.172413 15.021936 11.461380 15.179625
r21 8.883437 14.822008 9.066839 15.070462
r22 13.135705 16.181227 13.381570 16.366560
r23 11.468100 20.069817 11.655834 20.312538
r24 10.421117 18.677591 10.600867 18.931093
r25 8.751757 18.323481 8.936396 18.570270
r26 13.022018 19.173377 13.269664 19.357378
r27 10.181617 20.764693 10.478870 20.917987
r28 14.157081 14.563645 14.382846 14.765479
r29 13.000244 14.469763 13.204565 14.692780
r30 14.753167 15.144599 15.028450 15.310127
r31 13.725257 19.416668 13.977688 19.597181
r32 9.646461 19.945406 9.837780 20.183579
r33 9.301841 19.516631 9.494292 19.753403
r34 9.286180 20.380966 9.572329 20.540208
r35 8.869516 19.912967 9.093005 20.116856
r36 11.042650 15.113120 11.249178 15.333754
r37 11.661947 15.312346 11.915407 15.492126
r38 12.084023 14.919872 12.301335 15.129557
r39 11.090118 15.006796 11.277324 15.250201
r40 10.110244 19.416468 10.342394 19.612751
r41 9.771919 19.764693 10.023106 19.946100
r42 10.035412 19.533036 10.298009 19.706560
r43 10.075744 19.092460 10.323007 19.276745
r44 14.376187 14.477563 14.586734 14.693985
r45 14.687230 14.534446 14.937672 14.716392
r46 14.358103 14.650231 14.639513 14.812155
r47 14.212985 14.395013 14.408225 14.628403
r48 0.000000 5.324679 5.773090 13.103340
r49 7.065163 1.817660 14.962128 7.504264
r50 9.435300 20.327956 16.210129 26.956449
r51 19.733245 16.601258 25.288388 24.685102
r52 4.578503 18.238566 4.827900 18.421274
r53 4.794077 18.313647 4.995074 18.540352
r54 6.044415 17.929666 6.296177 18.110658
r55 3.989734 18.984081 4.286413 19.137671
r56 16.074239 16.660720 16.266315 16.897954
r57 15.642095 16.675575 15.893021 16.857170
r58 16.119612 16.686370 16.401710 16.847899
r59 15.482593 16.623864 15.688237 16.845446
r60 11.505502 23.096373 11.698078 23.332991
r61 11.481911 22.196281 11.691979 22.413197
r62 11.418977 21.871517 11.630090 22.087359
r63 14.147660 25.454326 14.429585 25.615954
r64 6.184125 9.350893 12.866037 16.071560
r65 17.921402 3.952088 23.853116 11.522735
r66 1.000804 15.202137 6.744555 23.020531
r67 0.671691 7.303568 12.124225 18.255627
r68 5.951207 14.792274 6.171919 14.998728
r69 5.999733 15.160307 6.217305 15.369741
r70 6.078614 14.375835 6.340361 14.549923
r71 5.775750 15.094908 5.950644 15.355448
r72 12.601892 19.618749 15.531831 22.204127
r73 15.916577 21.689385 18.803170 24.313586
r74 12.972094 16.374614 15.227297 19.733513
r75 8.166917 15.414900 10.759913 18.165032
r76 10.065094 20.183344 12.561595 23.217591
r77 11.707675 23.480016 14.198927 26.342464
r78 21.356238 24.830854 24.668472 26.983806
r79 8.361833 24.319141 10.869618 27.162718
r80 0.000000 16.785322 9.324346 24.587002
r81 16.051791 3.864877 26.538786 15.825294
r82 12.931064 3.893044 21.906082 11.998383
r83 16.657383 15.411487 24.375474 24.836819
r84 0.000000 0.063321 7.092533 8.068663
r85 6.690732 13.132542 6.874535 13.380455
r86 6.542807 13.833302 6.728008 14.079342
r87 5.970917 13.031742 6.218830 13.215545
r88 16.548235 23.857615 16.773359 24.060024
r89 17.062440 20.569649 17.292211 20.767964
r90 16.619368 20.744784 16.803883 20.991739
r91 16.396612 20.698297 16.656896 20.873364
r92 9.779987 25.531034 9.955638 25.790452
r93 10.032354 23.331557 10.216697 23.578743
r94 9.856879 23.404892 10.127325 23.573380
r95 9.990930 22.095527 10.184980 22.330347
r96 22.250077 4.936138 25.316475 7.261694
r97 6.576112 13.073112 10.253579 15.012240
r98 9.847801 9.157059 12.062783 12.376535
r99 7.398004 6.972912 10.424946 9.328781
r100 8.891237 12.976108 9.072334 13.227724
r101 8.448224 13.158128 8.649713 13.384279
r102 8.191749 12.854580 8.386517 13.088535
r103 8.192284 12.842329 8.387231 13.076070
r104 15.163480 19.259183 15.377717 19.471877
r105 15.348957 22.059797 15.581368 22.255859
r106 16.134573 19.307417 16.390077 19.485759
r107 15.432913 18.416657 15.679171 18.601695
r108 9.568267 20.360046 9.760546 20.597030
r109 9.460317 20.276185 9.658317 20.506321
r110 9.567868 20.359763 9.760163 20.596728
r111 9.791310 20.053871 10.076640 20.213570

[Iter 2000] geometry_scale=10.000000
r0 14.702579 19.853358 14.935682 20.048838
r1 13.451136 21.041862 13.706548 21.220268
r2 16.495202 20.622701 16.673461 20.878324
r3 14.736030 22.110088 14.915780 22.363590
r4 14.517934 17.894195 14.745851 18.094123
r5 13.207517 20.119827 13.467068 20.295388
r6 16.523191 20.471048 16.701022 20.727285
r7 14.815301 22.374672 14.999865 22.621563
r8 15.372776 18.315131 15.557838 18.561356
r9 13.105353 19.832893 13.301283 20.065461
r10 16.529866 20.303181 16.753257 20.507159
r11 15.395070 21.813412 15.631292 22.006311
r12 14.834243 18.319706 15.035169 18.546491
r13 13.216815 20.477085 13.505333 20.635020
r14 16.117778 19.667827 16.306117 19.909768
r15 15.036498 22.311364 15.286049 22.493960
r16 14.910938 19.343038 15.098462 19.586031
r17 13.991145 20.120185 14.247458 20.297964
r18 15.747694 20.083207 15.936786 20.324185
r19 14.975218 21.260586 15.158688 21.508949
r20 14.838637 19.523292 15.127604 19.680981
r21 14.025380 20.421681 14.208782 20.670135
r22 15.681448 20.434529 15.927313 20.619862
r23 14.956375 21.357211 15.144109 21.599932
r24 15.048270 19.668459 15.228020 19.921961
r25 14.133893 20.478152 14.318532 20.724941
r26 15.720508 20.482930 15.968154 20.666931
r27 15.036987 21.474424 15.334240 21.627718
r28 14.691534 19.718136 14.917299 19.919970
r29 13.796179 20.440663 14.000500 20.663680
r30 15.549310 20.438854 15.824593 20.604382
r31 14.746874 21.400147 14.999305 21.580660
r32 14.910858 19.937672 15.102177 20.175845
r33 14.997156 19.947787 15.189607 20.184559
r34 14.873300 20.099761 15.159449 20.259003
r35 14.920047 19.988131 15.143536 20.192020
r36 14.849829 20.365622 15.056357 20.586256
r37 14.912326 20.509949 15.165786 20.689729
r38 14.859705 20.519780 15.077017 20.729465
r39 14.944654 20.382276 15.131860 20.625681
r40 15.079081 20.635166 15.311231 20.831449
r41 15.036372 20.515290 15.287559 20.696697
r42 15.204475 20.620337 15.467072 20.793861
r43 15.045037 20.599756 15.292300 20.784041
r44 14.598838 20.608983 14.809385 20.825405
r45 14.705271 20.617193 14.955713 20.799139
r46 14.490804 20.355412 14.772214 20.517336
r47 14.695833 20.556012 14.891073 20.789402
r48 3.576298 18.265208 9.349388 26.043869
r49 11.071091 2.891389 18.968056 8.577993
r50 10.679796 18.372993 17.454625 25.001486
r51 18.030960 17.548928 23.586103 25.632772
r52 13.164653 21.682528 13.414050 21.865236
r53 13.042624 21.481969 13.243621 21.708674
r54 13.152395 21.549652 13.404157 21.730644
r55 12.878909 21.370648 13.175588 21.524238
r56 16.981966 20.893932 17.174042 21.131166
r57 16.819236 20.905099 17.070162 21.086694
r58 17.022172 20.931328 17.304270 21.092857
r59 16.924264 20.933887 17.129908 21.155469
r60 14.537514 22.434088 14.730090 22.670706
r61 14.529487 22.441170 14.739555 22.658086
r62 14.539423 22.606547 14.750536 22.822389
r63 14.557859 22.630411 14.839784 22.792039
r64 3.618065 11.124409 10.299977 17.845076
r65 18.390709 9.642585 24.322423 17.213232
r66 11.095710 9.026458 16.839461 16.844852
r67 1.563809 11.756626 13.016343 22.708685
r68 12.802614 19.796008 13.023326 20.002462
r69 12.703080 19.890647 12.920652 20.100081
r70 12.616464 19.790693 12.878211 19.964781
r71 12.682768 19.840677 12.857662 20.101217
r72 14.492152 18.270514 17.422091 20.855892
r73 15.964179 21.876332 18.850772 24.500533
r74 17.674797 18.520120 19.930000 21.879019
r75 16.668257 19.425793 19.261253 22.175925
r76 13.334633 21.580159 15.831134 24.614406
r77 13.422271 22.126821 15.913523 24.989269
r78 9.629890 21.505783 12.942124 23.658735
r79 15.421477 24.245141 17.929262 27.088718
r80 1.023377 14.465991 10.347723 22.267671
r81 12.134248 2.428977 22.621243 14.389394
r82 12.451503 3.590345 21.426521 11.695684
r83 18.856969 11.412991 26.575060 20.838323
r84 3.877779 5.827251 10.970312 13.832593
r85 13.013697 19.663922 13.197500 19.911835
r86 12.716398 19.551862 12.901599 19.797902
r87 12.686840 19.557404 12.934753 19.741207
r88 17.173415 20.262397 17.398539 20.464806
r89 16.846636 20.188944 17.076407 20.387259
r90 16.998492 20.232353 17.183007 20.479308
r91 17.119155 20.275136 17.379439 20.450203
r92 15.697721 22.085838 15.873372 22.345256
r93 16.020887 21.935830 16.205230 22.183016
r94 15.582896 22.150035 15.853342 22.318523
r95 15.903257 21.979214 16.097307 22.214034
r96 14.381073 12.719412 17.447471 15.044968
r97 14.817367 16.578368 18.494834 18.517496
r98 10.808888 17.256682 13.023870 20.476158
r99 12.285967 14.993301 15.312909 17.349170
r100 12.939272 20.515108 13.120369 20.766724
r101 12.728813 20.544449 12.930302 20.770600
r102 12.862901 20.466339 13.057669 20.700294
r103 12.889324 20.475632 13.084271 20.709373
r104 16.242836 19.034128 16.457073 19.246822
r105 16.279593 19.254037 16.512004 19.450099
r106 16.235763 19.125467 16.491267 19.303809
r107 16.491354 19.173873 16.737612 19.358911
r108 15.181451 22.864761 15.373730 23.101745
r109 15.270437 22.803355 15.468437 23.033491
r110 15.181380 22.865001 15.373675 23.101966
r111 15.135298 22.795406 15.420628 22.955105

[Iter 3000] geometry_scale=10.000000
r0 13.807265 19.654112 14.040368 19.849592
r1 12.038095 21.139336 12.293507 21.317742
r2 14.974855 21.306618 15.153114 21.562241
r3 12.951175 22.166533 13.130925 22.420035
r4 13.659964 17.894652 13.887881 18.094580
r5 11.953033 20.324478 12.212584 20.500039
r6 15.197759 20.948832 15.375590 21.205069
r7 13.263855 22.521194 13.448419 22.768085
r8 14.377159 18.226416 14.562221 18.472641
r9 12.163691 19.737998 12.359621 19.970566
r10 15.294095 20.871981 15.517486 21.075959
r11 14.057688 22.197711 14.293910 22.390610
r12 13.699249 18.698552 13.900175 18.925337
r13 11.877381 20.726501 12.165899 20.884436
r14 15.048294 20.191420 15.236633 20.433361
r15 13.498851 22.544739 13.748402 22.727335
r16 13.651464 19.795413 13.838988 20.038406
r17 12.532572 20.964453 12.788885 21.142232
r18 14.451973 21.103774 14.641065 21.344752
r19 13.409698 21.898896 13.593168 22.147259
r20 13.575336 19.269574 13.864303 19.427263
r21 12.521764 20.140444 12.705166 20.388898
r22 14.472020 20.370980 14.717885 20.556313
r23 13.401261 21.335995 13.588995 21.578716
r24 13.809967 19.334935 13.989717 19.588437
r25 12.751078 20.215805 12.935717 20.462594
r26 14.504393 20.451962 14.752039 20.635963
r27 13.557535 21.510135 13.854788 21.663429
r28 13.955197 19.906704 14.180962 20.108538
r29 12.876259 20.926086 13.080580 21.149103
r30 14.589313 21.118783 14.864596 21.284311
r31 13.730759 21.928832 13.983190 22.109345
r32 13.499559 21.074243 13.690878 21.312416
r33 13.389441 21.111683 13.581892 21.348455
r34 13.329964 21.347966 13.616113 21.507208
r35 13.442673 21.350949 13.666162 21.554838
r36 13.403179 20.131010 13.609707 20.351644
r37 13.395386 20.104466 13.648846 20.284246
r38 13.391783 20.116435 13.609095 20.326120
r39 13.393367 19.863507 13.580573 20.106912
r40 13.716710 20.228287 13.948860 20.424570
r41 13.659554 20.155187 13.910741 20.336594
r42 13.645855 20.145364 13.908452 20.318888
r43 13.717197 20.142025 13.964460 20.326310
r44 13.979502 21.155032 14.190049 21.371454
r45 13.950340 21.314252 14.200782 21.496198
r46 13.923300 21.166471 14.204710 21.328395
r47 13.946907 21.143954 14.142147 21.377344
r48 4.663832 18.782958 10.436922 26.561619
r49 9.454470 5.709095 17.351435 11.395699
r50 11.203877 20.155520 17.978706 26.784013
r51 18.846477 16.022054 24.401620 24.105898
r52 11.725046 21.542619 11.974443 21.725327
r53 11.681681 21.496789 11.882678 21.723494
r54 11.723216 21.540250 11.974978 21.721242
r55 11.730904 21.578353 12.027583 21.731943
r56 15.233129 21.822746 15.425205 22.059980
r57 15.287562 21.649788 15.538488 21.831383
r58 15.207913 21.829733 15.490011 21.991262
r59 15.276661 21.652155 15.482305 21.873737
r60 12.535718 22.380720 12.728294 22.617338
r61 12.483532 22.624491 12.693600 22.841407
r62 12.535063 22.399975 12.746176 22.615817
r63 12.247650 22.497221 12.529575 22.658849
r64 4.310880 11.508057 10.992792 18.228724
r65 18.028491 7.922517 23.960205 15.493164
r66 11.911792 11.923418 17.655543 19.741812
r67 0.000000 12.147865 11.452534 23.099924
r68 11.439681 20.146366 11.660393 20.352820
r69 11.467411 20.144109 11.684983 20.353543
r70 11.516632 20.120289 11.778379 20.294377
r71 11.432978 20.115087 11.607872 20.375627
r72 13.047094 18.865898 15.977033 21.451276
r73 14.199247 22.502028 17.085840 25.126229
r74 16.289216 19.478890 18.544419 22.837789
r75 15.599349 19.915787 18.192345 22.665919
r76 11.549197 21.467190 14.045698 24.501437
r77 11.491832 23.757752 13.983084 26.620200
r78 9.432229 21.662162 12.744463 23.815114
r79 14.121612 22.518114 16.629397 25.361691
r80 0.230805 14.140064 9.555151 21.941744
r81 11.340701 6.773035 21.827696 18.733452
r82 14.973666 0.001240 23.948684 8.106579
r83 17.150867 11.213421 24.868958 20.638753
r84 7.708461 4.938801 14.800994 12.944143
r85 11.998248 19.366299 12.182051 19.614212
r86 11.998787 19.365056 12.183988 19.611096
r87 11.934278 19.484570 12.182191 19.668373
r88 15.844300 20.948532 16.069424 21.150941
r89 15.830994 20.951069 16.060765 21.149384
r90 15.725024 20.918662 15.909539 21.165617
r91 15.623470 20.958822 15.883754 21.133889
r92 14.567629 22.481828 14.743280 22.741246
r93 14.456445 22.502463 14.640788 22.749649
r94 14.401341 22.621481 14.671787 22.789969
r95 14.566641 22.489390 14.760691 22.724210
r96 11.056686 14.575264 14.123084 16.900820
r97 12.733756 17.935496 16.411223 19.874624
r98 14.263093 14.403797 16.478075 17.623273
r99 9.763837 17.216527 12.790779 19.572396
r100 11.408251 20.790138 11.589348 21.041754
r101 11.327775 20.791539 11.529264 21.017690
r102 11.314001 20.785467 11.508769 21.019422
r103 11.323289 20.785933 11.518236 21.019674
r104 15.457911 19.855124 15.672148 20.067818
r105 15.450179 19.868498 15.682590 20.064560
r106 15.342372 19.760115 15.597876 19.938457
r107 15.367916 19.784999 15.614174 19.970037
r108 13.500555 23.033253 13.692834 23.270237
r109 13.497851 23.051965 13.695851 23.282101
r110 13.500514 23.038565 13.692809 23.275530
r111 13.456111 22.921435 13.741441 23.081134

[Iter 4000] geometry_scale=10.000000
r0 14.151834 19.057713 14.384937 19.253193
r1 10.982025 21.944411 11.237437 22.122817
r2 16.663869 22.259910 16.842128 22.515533
r3 12.259240 23.199665 12.438990 23.453167
r4 13.842549 16.902173 14.070466 17.102101
r5 10.160796 19.843240 10.420347 20.018801
r6 16.759093 20.805488 16.936924 21.061725
r7 13.427125 23.855072 13.611689 24.101963
r8 15.291272 17.356810 15.476334 17.603035
r9 11.336067 18.010560 11.531997 18.243128
r10 17.721883 20.284114 17.945274 20.488092
r11 15.360594 23.527168 15.596816 23.720067
r12 14.101678 16.465733 14.302604 16.692518
r13 10.051747 20.856919 10.340265 21.014854
r14 16.650215 18.660195 16.838554 18.902136
r15 13.916977 24.525329 14.166528 24.707925
r16 13.792600 18.469608 13.980124 18.712601
r17 11.697753 19.904323 11.954066 20.082102
r18 15.881243 19.937919 16.070335 20.178897
r19 13.320070 22.536834 13.503540 22.785197
r20 13.270919 17.803319 13.559886 17.961008
r21 11.694093 18.931280 11.877495 19.179734
r22 15.608347 19.059470 15.854212 19.244803
r23 13.029210 22.230484 13.216944 22.473205
r24 14.927240 19.096075 15.106990 19.349577
r25 11.942801 21.325333 12.127440 21.572122
r26 16.425026 21.409450 16.672672 21.593451
r27 14.823000 22.969080 15.120253 23.122374
r28 14.501649 19.149236 14.727414 19.351070
r29 11.818039 20.899724 12.022360 21.122741
r30 15.962416 21.062272 16.237699 21.227800
r31 14.222385 22.834901 14.474816 23.015414
r32 12.799433 19.292169 12.990752 19.530342
r33 13.607807 19.904567 13.800258 20.141339
r34 13.368472 20.067582 13.654621 20.226824
r35 13.250640 19.853106 13.474129 20.056995
r36 12.600478 19.042057 12.807006 19.262691
r37 12.743131 18.814240 12.996591 18.994020
r38 12.718947 18.274731 12.936259 18.484416
r39 12.665687 18.732542 12.852893 18.975947
r40 15.258995 21.777510 15.491145 21.973793
r41 15.286608 21.838356 15.537795 22.019763
r42 15.049513 21.617108 15.312110 21.790632
r43 14.905406 21.548187 15.152669 21.732472
r44 14.427156 21.442918 14.637703 21.659340
r45 14.310609 21.174476 14.561051 21.356422
r46 14.322825 21.046708 14.604235 21.208632
r47 14.593045 20.615543 14.788285 20.848933
r48 4.547295 18.805752 10.320385 26.584413
r49 9.444349 5.653914 17.341314 11.340518
r50 11.041814 20.449137 17.816643 27.077630
r51 18.859283 16.024642 24.414426 24.108486
r52 10.484136 22.366955 10.733533 22.549663
r53 10.532562 22.568134 10.733559 22.794839
r54 10.506975 22.415858 10.758737 22.596850
r55 10.421323 22.423059 10.718002 22.576649
r56 17.016417 22.909805 17.208493 23.147039
r57 17.073886 22.923247 17.324812 23.104842
r58 17.026265 22.915363 17.308363 23.076892
r59 17.071807 23.056763 17.277451 23.278345
r60 11.703542 23.724481 11.896118 23.961099
r61 11.425383 23.518801 11.635451 23.735717
r62 11.374811 23.646582 11.585924 23.862424
r63 11.421407 23.640645 11.703332 23.802273
r64 4.303188 11.499329 10.985100 18.219996
r65 18.038350 7.902287 23.970064 15.472934
r66 11.972697 12.022992 17.716448 19.841386
r67 0.000000 12.135111 11.452534 23.087170
r68 9.493325 19.599890 9.714037 19.806344
r69 9.507589 19.581308 9.725161 19.790742
r70 9.501611 19.498306 9.763358 19.672394
r71 9.302695 19.612118 9.477589 19.872658
r72 14.056474 19.205730 16.986413 21.791108
r73 15.645601 22.552292 18.532194 25.176493
r74 17.234199 18.989478 19.489402 22.348377
r75 17.858209 20.098757 20.451205 22.848889
r76 12.116861 22.550093 14.613362 25.584340
r77 12.060629 24.273139 14.551881 27.135587
r78 8.908032 23.426895 12.220266 25.579847
r79 15.104022 23.724728 17.611807 26.568305
r80 0.221450 14.135193 9.545796 21.936873
r81 11.333063 6.761754 21.820058 18.722171
r82 15.443782 0.000000 24.418800 8.105339
r83 18.839967 11.207646 26.558058 20.632978
r84 7.278018 4.071522 14.370551 12.076864
r85 11.145546 17.133635 11.329349 17.381548
r86 11.187822 16.939011 11.373023 17.185051
r87 11.026886 17.238785 11.274799 17.422588
r88 18.366306 20.256939 18.591430 20.459348
r89 18.403161 20.267490 18.632932 20.465805
r90 18.470233 20.276800 18.654748 20.523755
r91 18.285452 20.293595 18.545736 20.468662
r92 15.977524 23.948412 16.153175 24.207830
r93 16.019071 24.034017 16.203414 24.281203
r94 15.884646 24.172522 16.155092 24.341010
r95 15.986184 24.062671 16.180234 24.297491
r96 11.371855 12.622591 14.438253 14.948147
r97 14.783337 15.449853 18.460804 17.388981
r98 14.583323 12.107751 16.798305 15.327227
r99 9.954528 15.004361 12.981470 17.360230
r100 9.262698 20.991905 9.443795 21.243521
r101 9.306367 21.024776 9.507856 21.250927
r102 9.508462 21.051966 9.703230 21.285921
r103 9.420385 21.035788 9.615332 21.269529
r104 17.132096 18.053004 17.346333 18.265698
r105 17.028680 17.812005 17.261091 18.008067
r106 16.976201 17.816266 17.231705 17.994608
r107 17.008415 17.930894 17.254673 18.115932
r108 14.048770 25.139120 14.241049 25.376104
r109 13.970848 25.257737 14.168848 25.487873
r110 14.003739 25.400436 14.196034 25.637401
r111 13.874046 25.399021 14.159376 25.558720

[Iter 5000] geometry_scale=10.000000
r0 14.152061 19.368494 14.385164 19.563974
r1 11.022794 22.119519 11.278206 22.297925
r2 16.440471 21.980257 16.618730 22.235880
r3 12.035140 22.969405 12.214890 23.222907
r4 13.519759 16.409039 13.747676 16.608967
r5 10.352177 19.427918 10.611728 19.603479
r6 17.178225 20.908452 17.356056 21.164689
r7 13.263993 23.821888 13.448557 24.068779
r8 15.544730 17.416105 15.729792 17.662330
r9 11.343688 18.131942 11.539618 18.364510
r10 17.780367 20.206693 18.003758 20.410671
r11 15.629662 23.175022 15.865884 23.367921
r12 14.414145 16.699928 14.615071 16.926713
r13 9.993553 20.813196 10.282071 20.971131
r14 16.581706 18.442549 16.770045 18.684490
r15 13.936682 24.208276 14.186233 24.390872
r16 13.217279 17.931929 13.404803 18.174922
r17 11.544740 19.383299 11.801053 19.561078
r18 16.069850 19.638020 16.258942 19.878998
r19 13.280980 22.743002 13.464450 22.991365
r20 12.982429 17.995936 13.271396 18.153625
r21 11.349154 19.681785 11.532556 19.930239
r22 16.061469 19.542447 16.307334 19.727780
r23 12.830180 22.611911 13.017914 22.854632
r24 14.829237 19.031138 15.008987 19.284640
r25 11.748075 21.119017 11.932714 21.365806
r26 16.081172 21.110924 16.328818 21.294925
r27 14.480813 22.745411 14.778066 22.898705
r28 14.586898 18.600609 14.812663 18.802443
r29 11.648914 20.911059 11.853235 21.134076
r30 16.265505 21.044848 16.540788 21.210376
r31 14.444389 22.619135 14.696820 22.799648
r32 12.784560 19.616305 12.975879 19.854478
r33 13.373003 19.751946 13.565454 19.988718
r34 12.833767 18.799881 13.119916 18.959123
r35 12.989721 19.692327 13.213210 19.896216
r36 12.761973 19.420732 12.968501 19.641366
r37 12.809615 20.124590 13.063075 20.304370
r38 12.565099 19.076755 12.782411 19.286440
r39 12.502644 19.593143 12.689850 19.836548
r40 14.558140 21.160081 14.790290 21.356364
r41 15.028605 21.255337 15.279792 21.436744
r42 14.842251 21.024745 15.104848 21.198269
r43 14.515334 20.954650 14.762597 21.138935
r44 14.525443 21.246400 14.735990 21.462822
r45 14.382617 20.958938 14.633059 21.140884
r46 14.501898 21.154786 14.783308 21.316710
r47 14.581245 21.166592 14.776485 21.399982
r48 4.545739 18.808288 10.318829 26.586949
r49 9.438528 5.651798 17.335493 11.338402
r50 11.042075 20.450021 17.816904 27.078514
r51 18.861304 16.031385 24.416447 24.115229
r52 10.602541 22.582150 10.851938 22.764858
r53 10.726450 22.514333 10.927447 22.741038
r54 10.630480 22.553902 10.882242 22.734894
r55 10.678054 22.630584 10.974733 22.784174
r56 16.662286 22.601606 16.854362 22.838840
r57 16.612789 22.640274 16.863715 22.821869
r58 16.495404 22.536297 16.777502 22.697826
r59 16.609585 22.571761 16.815229 22.793343
r60 11.493129 23.332056 11.685705 23.568674
r61 11.665189 23.353226 11.875257 23.570142
r62 11.586294 23.305730 11.797407 23.521572
r63 11.510237 23.360236 11.792162 23.521864
r64 4.302146 11.497996 10.984058 18.218663
r65 18.039410 7.898946 23.971124 15.469593
r66 11.970107 12.013246 17.713858 19.831640
r67 0.000000 12.134536 11.452534 23.086595
r68 9.659736 19.043772 9.880448 19.250226
r69 9.745922 18.977560 9.963494 19.186994
r70 9.721158 18.995624 9.982905 19.169712
r71 9.750752 19.063946 9.925646 19.324486
r72 13.875181 19.104026 16.805120 21.689404
r73 15.073892 22.501309 17.960485 25.125510
r74 17.026962 19.075594 19.282165 22.434493
r75 17.719150 19.852749 20.312146 22.602881
r76 12.134535 21.879603 14.631036 24.913850
r77 12.083438 24.277298 14.574690 27.139746
r78 8.927260 23.218465 12.239494 25.371417
r79 15.547013 23.227430 18.054798 26.071007
r80 0.221519 14.136017 9.545865 21.937697
r81 11.334151 6.756078 21.821146 18.716495
r82 15.447281 0.000000 24.422299 8.105339
r83 19.264274 11.206849 26.982365 20.632181
r84 7.277706 4.069166 14.370239 12.074508
r85 11.487014 17.614866 11.670817 17.862779
r86 11.484820 17.606241 11.670021 17.852281
r87 11.449733 17.567422 11.697646 17.751225
r88 18.088912 20.173563 18.314036 20.375972
r89 18.110021 20.178003 18.339792 20.376318
r90 18.380959 20.215345 18.565474 20.462300
r91 18.374529 20.227158 18.634813 20.402225
r92 16.150793 23.568161 16.326444 23.827579
r93 16.112098 23.552717 16.296441 23.799903
r94 16.150666 23.554918 16.421112 23.723406
r95 16.092828 23.519733 16.286878 23.754553
r96 11.731660 13.359782 14.798058 15.685338
r97 15.344620 16.098982 19.022087 18.038110
r98 14.920399 12.895670 17.135381 16.115146
r99 9.588975 15.353345 12.615917 17.709214
r100 9.486900 21.005276 9.667997 21.256892
r101 9.352444 20.938294 9.553933 21.164445
r102 9.536624 20.985237 9.731392 21.219192
r103 9.491103 20.980793 9.686050 21.214534
r104 16.804038 17.872700 17.018275 18.085394
r105 16.674463 17.656144 16.906874 17.852206
r106 16.706545 17.787713 16.962049 17.966055
r107 16.790029 17.894252 17.036287 18.079290
r108 13.982299 25.050992 14.174578 25.287976
r109 14.049917 24.878776 14.247917 25.108912
r110 13.990514 25.028208 14.182809 25.265173
r111 13.922350 24.892676 14.207680 25.052375

[Iter 6000] geometry_scale=10.000000
r0 14.042919 19.010193 14.276022 19.205673
r1 11.567534 21.506670 11.822946 21.685076
r2 16.217375 21.529948 16.395634 21.785571
r3 12.744772 22.672868 12.924522 22.926370
r4 13.895700 17.197109 14.123617 17.397037
r5 10.892390 19.665247 11.151941 19.840808
r6 16.232321 20.636377 16.410152 20.892614
r7 13.760633 23.301043 13.945197 23.547934
r8 15.053341 17.588450 15.238403 17.834675
r9 11.852520 18.638178 12.048450 18.870746
r10 16.956761 20.272977 17.180152 20.476955
r11 15.028341 22.764501 15.264563 22.957400
r12 14.136528 17.370155 14.337454 17.596940
r13 10.755357 20.641064 11.043875 20.798999
r14 16.134948 19.043459 16.323287 19.285400
r15 13.879940 23.823816 14.129491 24.006412
r16 13.683673 18.392915 13.871197 18.635908
r17 12.007958 19.748833 12.264271 19.926612
r18 15.553396 19.748925 15.742488 19.989903
r19 13.380845 22.101047 13.564315 22.349410
r20 13.651892 18.476541 13.940859 18.634230
r21 12.111202 19.670847 12.294604 19.919301
r22 15.477672 19.768193 15.723537 19.953526
r23 13.383728 22.098030 13.571462 22.340751
r24 14.475429 19.594250 14.655179 19.847752
r25 12.189113 20.836765 12.373752 21.083554
r26 15.698987 20.886122 15.946633 21.070123
r27 14.300707 22.240538 14.597960 22.393832
r28 14.476104 18.785397 14.701869 18.987231
r29 12.225068 20.777394 12.429389 21.000411
r30 15.703916 20.819562 15.979199 20.985090
r31 14.340829 22.086805 14.593260 22.267318
r32 13.343310 19.610966 13.534629 19.849139
r33 13.378061 19.701018 13.570512 19.937790
r34 13.240017 19.777591 13.526166 19.936833
r35 13.348390 19.733232 13.571879 19.937121
r36 13.312975 19.708882 13.519503 19.929516
r37 13.317278 19.738824 13.570738 19.918604
r38 13.320719 19.675619 13.538031 19.885304
r39 13.358607 19.655362 13.545813 19.898767
r40 14.485136 21.001955 14.717286 21.198238
r41 14.454582 21.003842 14.705769 21.185249
r42 14.450610 21.188327 14.713207 21.361851
r43 14.483836 20.987021 14.731099 21.171306
r44 14.442392 20.863237 14.652939 21.079659
r45 14.460039 20.809049 14.710481 20.990995
r46 14.439960 20.856068 14.721370 21.017992
r47 14.465633 20.871669 14.660873 21.105059
r48 4.547078 18.805756 10.320168 26.584417
r49 9.442001 5.653665 17.338966 11.340269
r50 11.041208 20.449237 17.816037 27.077730
r51 18.859545 16.023983 24.414688 24.107827
r52 11.129412 22.090837 11.378809 22.273545
r53 11.164213 22.149326 11.365210 22.376031
r54 11.142452 22.181466 11.394214 22.362458
r55 11.097460 22.085864 11.394139 22.239454
r56 16.653339 22.081307 16.845415 22.318541
r57 16.596105 22.132290 16.847031 22.313885
r58 16.539680 22.222805 16.821778 22.384334
r59 16.626742 22.104664 16.832386 22.326246
r60 12.132040 23.099566 12.324616 23.336184
r61 12.124036 23.106709 12.334104 23.323625
r62 12.121639 23.130211 12.332752 23.346053
r63 12.065771 23.148569 12.347696 23.310197
r64 4.303060 11.499245 10.984972 18.219912
r65 18.038408 7.902665 23.970122 15.473312
r66 11.972443 12.024557 17.716194 19.842951
r67 0.000000 12.136909 11.452534 23.088968
r68 10.211818 19.304114 10.432530 19.510568
r69 10.246314 19.294162 10.463886 19.503596
r70 10.273423 19.317677 10.535170 19.491765
r71 10.323097 19.241475 10.497991 19.502015
r72 13.871961 19.191441 16.801900 21.776819
r73 15.093325 22.480774 17.979918 25.104975
r74 17.033207 18.950888 19.288410 22.309787
r75 17.187865 19.569959 19.780861 22.320091
r76 12.395488 22.116408 14.891989 25.150655
r77 12.533527 24.025174 15.024779 26.887622
r78 9.487863 22.926418 12.800097 25.079370
r79 15.117235 22.748298 17.625020 25.591875
r80 0.222255 14.136150 9.546601 21.937830
r81 11.333207 6.757268 21.820202 18.717685
r82 15.443397 0.000000 24.418415 8.105339
r83 19.264581 11.207665 26.982672 20.632997
r84 7.278827 4.071369 14.371360 12.076711
r85 11.795979 18.104612 11.979782 18.352525
r86 11.795194 18.103176 11.980395 18.349216
r87 11.764740 18.126933 12.012653 18.310736
r88 17.641203 20.252237 17.866327 20.454646
r89 17.639554 20.254707 17.869325 20.453022
r90 17.652629 20.233844 17.837144 20.480799
r91 17.616959 20.264430 17.877243 20.439497
r92 15.700476 23.172457 15.876127 23.431875
r93 15.701855 23.171614 15.886198 23.418800
r94 15.664980 23.212768 15.935426 23.381256
r95 15.739941 23.175649 15.933991 23.410469
r96 11.680574 13.789082 14.746972 16.114638
r97 15.216649 16.541464 18.894116 18.480592
r98 14.873499 13.301602 17.088481 16.521078
r99 9.910552 16.003757 12.937494 18.359626
r100 10.055797 20.800247 10.236894 21.051863
r101 10.028269 20.798065 10.229758 21.024216
r102 10.014434 20.801893 10.209202 21.035848
r103 10.053399 20.807186 10.248346 21.040927
r104 16.451713 18.436870 16.665950 18.649564
r105 16.432665 18.398707 16.665076 18.594769
r106 16.401312 18.371163 16.656816 18.549505
r107 16.429187 18.424742 16.675445 18.609780
r108 13.921056 24.776503 14.113335 25.013487
r109 13.921546 24.763319 14.119546 24.993455
r110 13.924587 24.772590 14.116882 25.009555
r111 13.868170 24.794122 14.153500 24.953821

[Iter 7000] geometry_scale=10.000000
r0 14.564359 18.336674 14.797462 18.532154
r1 11.134311 22.092898 11.389723 22.271304
r2 16.628959 22.378107 16.807218 22.633730
r3 12.080112 23.026400 12.259862 23.279902
r4 13.253645 16.574235 13.481562 16.774163
r5 10.293462 19.286853 10.553013 19.462414
r6 17.603772 21.003783 17.781603 21.260020
r7 13.149202 23.952125 13.333766 24.199016
r8 15.783423 17.094489 15.968485 17.340714
r9 11.605878 17.918248 11.801808 18.150816
r10 17.872608 20.243247 18.095999 20.447225
r11 15.534027 23.354194 15.770249 23.547093
r12 14.382574 16.129082 14.583500 16.355867
r13 9.853712 20.691817 10.142230 20.849752
r14 16.603720 18.299623 16.792059 18.541564
r15 13.934742 24.407616 14.184293 24.590212
r16 13.338262 18.268575 13.525786 18.511568
r17 11.905533 19.761384 12.161846 19.939163
r18 16.223654 19.588648 16.412746 19.829626
r19 13.225858 22.081308 13.409328 22.329671
r20 12.959734 17.961970 13.248701 18.119659
r21 11.619087 19.112056 11.802489 19.360510
r22 16.194056 19.349391 16.439921 19.534724
r23 12.813942 22.153990 13.001676 22.396711
r24 14.630513 19.578080 14.810263 19.831582
r25 11.631449 20.986049 11.816088 21.232838
r26 16.225742 21.254078 16.473388 21.438079
r27 14.561512 22.500700 14.858765 22.653994
r28 15.083399 18.447263 15.309164 18.649097
r29 11.667215 20.887451 11.871536 21.110468
r30 16.212409 21.244315 16.487692 21.409843
r31 14.531748 22.567703 14.784179 22.748216
r32 13.333159 19.713376 13.524478 19.951549
r33 13.411980 19.597385 13.604431 19.834157
r34 13.236232 19.755783 13.522381 19.915025
r35 13.354476 19.702022 13.577965 19.905911
r36 12.255390 18.129584 12.461918 18.350218
r37 13.262498 19.553087 13.515958 19.732867
r38 12.749525 19.583675 12.966837 19.793360
r39 13.187273 19.565196 13.374479 19.808601
r40 14.462753 20.997060 14.694903 21.193343
r41 14.469139 21.015083 14.720326 21.196490
r42 15.036473 21.023470 15.299070 21.196994
r43 15.011484 20.995237 15.258747 21.179522
r44 14.582110 20.932169 14.792657 21.148591
r45 15.016263 20.977294 15.266705 21.159240
r46 14.531813 21.044065 14.813223 21.205989
r47 14.640312 20.919936 14.835552 21.153326
r48 4.544946 18.809618 10.318036 26.588279
r49 9.439731 5.650766 17.336696 11.337370
r50 11.043792 20.450543 17.818621 27.079036
r51 18.862293 16.027047 24.417436 24.110891
r52 10.590404 22.517836 10.839801 22.700544
r53 10.665396 22.548904 10.866393 22.775609
r54 10.593359 22.492219 10.845121 22.673211
r55 10.634878 22.554902 10.931557 22.708492
r56 17.045427 22.785573 17.237503 23.022807
r57 17.034530 22.954134 17.285456 23.135729
r58 17.017938 23.020781 17.300036 23.182310
r59 17.028049 22.895607 17.233693 23.117189
r60 11.635141 23.646373 11.827717 23.882991
r61 11.621014 23.595247 11.831082 23.812163
r62 11.624703 23.745693 11.835816 23.961535
r63 11.542119 23.635008 11.824044 23.796636
r64 4.301546 11.497450 10.983458 18.218117
r65 18.040040 7.896926 23.971754 15.467573
r66 11.970961 12.013709 17.714712 19.832103
r67 0.000000 12.135555 11.452534 23.087614
r68 9.385302 19.102238 9.606014 19.308692
r69 9.397432 19.094909 9.615004 19.304343
r70 9.687141 18.644000 9.948888 18.818088
r71 9.516344 18.771637 9.691238 19.032177
r72 14.226470 19.244241 17.156409 21.829619
r73 15.814231 22.492852 18.700824 25.117053
r74 17.402089 18.872526 19.657292 22.231425
r75 18.174941 20.010437 20.767937 22.760569
r76 12.212088 22.402374 14.708589 25.436621
r77 12.055891 24.297839 14.547143 27.160287
r78 8.883370 23.513452 12.195604 25.666404
r79 15.382530 23.692340 17.890315 26.535917
r80 0.220556 14.135850 9.544902 21.937530
r81 11.334605 6.757055 21.821600 18.717472
r82 15.449390 0.000000 24.424408 8.105339
r83 19.279906 11.205383 26.997997 20.630715
r84 7.277802 4.067969 14.370335 12.073311
r85 11.669143 17.075405 11.852946 17.323318
r86 11.667676 17.051516 11.852877 17.297556
r87 11.602931 17.091254 11.850844 17.275057
r88 18.751631 20.292495 18.976755 20.494904
r89 18.742258 20.289455 18.972029 20.487770
r90 18.668883 20.240292 18.853398 20.487247
r91 18.634097 20.262985 18.894381 20.438052
r92 15.901261 23.771223 16.076912 24.030641
r93 15.880879 23.806043 16.065222 24.053229
r94 15.837689 23.817092 16.108135 23.985580
r95 15.902233 23.803750 16.096283 24.038570
r96 11.722401 12.960805 14.788799 15.286361
r97 15.344212 15.640951 19.021679 17.580079
r98 14.916586 12.432865 17.131568 15.652341
r99 9.528318 14.919923 12.555260 17.275792
r100 9.181264 20.834768 9.362361 21.086384
r101 9.129964 20.829312 9.331453 21.055463
r102 9.134556 20.827679 9.329324 21.061634
r103 9.184387 20.839318 9.379334 21.073059
r104 16.994919 17.751178 17.209156 17.963872
r105 16.959302 17.754089 17.191713 17.950151
r106 16.885363 17.718836 17.140867 17.897178
r107 16.937308 17.744156 17.183566 17.929194
r108 13.902113 25.579503 14.094392 25.816487
r109 13.906882 25.574706 14.104882 25.804842
r110 13.908126 25.612710 14.100421 25.849675
r111 13.852859 25.590024 14.138189 25.749723

