=== Tier 1 Density Map ===
Die size  : 187.4 x 187.4
Bin grid  : 64 rows x 64 cols  (bin=2.93 x 2.93)
Target ρ  : 0.900

ASCII visualization (row = y-axis, col = x-axis):
  ' '=0~0.3t  '.'=0.3~0.7t  'o'=0.7~1.0t  '+'=1.0~1.3t  '#'=1.3~2.0t  '@'=2.0t+
  X: |       |       |       |       |       |       |       |       
 63 |     ........ooo..ooo.ooooo.ooo.....       .................    | max=0.748
 62 |     ...ooooooooooooooooooooooooo...      ...oooooooo.........  | max=0.864
 61 |     ..oooooooooooooooo++ooooooooo...     ...ooooooooo.oooo.... | max=0.917
 60 |     ..oooooo++oooooooo++oooooooooo...    ..ooooooo+oooooooo... | max=0.907
 59 |     ..oooooo+oooooooooooooooooooooo...   ..ooooooo++ooooooo... | max=0.916
 58 |     ..oooooooooooooooooooooooooooooo...  .ooo+ooooooooooooo... | max=0.919
 57 |     ...ooooooooooo++o++ooooo++ooooooo.....oo++oo.oooooooooo... | max=0.926
 56 |     ..ooooooo+ooooooooooooooooooooooooo...oooooo..oooooooooo...| max=0.927
 55 |    ..oooo++oooooooooooooooooooooooooooo..ooo+ooo..ooooo+++ooo..| max=0.916
 54 |    ...ooo++oo++ooooooooo+ooooooooooooooooooo+ooo...oooooooooo..| max=0.922
 53 |    ...oooooooo++oooooo+++oooooo++ooooooooooo++oo...oooooooooo..| max=0.923
 52 |   ...ooooooooo++oooooo++ooooooo+oooooooo+ooo+++oooooooooooooo..| max=0.951
 51 |  ...ooooooooooooooooooooooooooo++ooooooo+oooo+oooooo+++oooooo..| max=0.934
 50 |....oooooooooooooooooooooooooooo++oooooooooooooooooooo+ooooooo..| max=0.915
 49 |...ooo++ooooooo++oooooo++oooooooo+o+ooooooo..oooooooooooooooo...| max=0.939
 48 |..ooooo+ooo++ooooooooooooooo+ooooooooooooooooooo+ooo+oooooooo...| max=0.910
 47 |..oooooooooooooooooooooooooo+oooo+o+oo+++oooooooooo++ooooooooo..| max=0.925
 46 |.ooooo.o...ooooooooooooooooo++ooo+oooooooooooooooooooo.ooooo....| max=0.926
 45 |.ooooooo..oooooo++oooooooooo+oooooooooo++oo.oooooooooo.oooooo...| max=0.920
 44 |.oooooooo.oooooo++ooooooooooooooo+oooo+++ooooooooooooooooooooo..| max=0.915
 43 |.ooooo.o..ooooooooo.ooo+oooooooo++ooooooooooo++oooo++ooooooooo..| max=0.926
 42 |..ooo.....ooooooooo.oooooooooooo++ooooooooooo++oooo++oooo+ooo...| max=0.937
 41 |..ooooooooooooo++oo..ooooooo...oo+o++oooooooo+oooooooooo++ooo...| max=0.917
 40 |..ooooooooooooo+ooo.....o......oooooooooooo.oooooooooooooooo... | max=0.908
 39 |..ooo+oooooooooooo.......o.....oooooooo.....ooooooooo...oo...   | max=0.905
 38 |..oooooooo.oooooooo.....ooo....oooooooooooooo++ooooo....o....   | max=0.910
 37 | ..ooooooo....ooooo.....oooo..oooooo++ooooooo++++ooooooooooo... | max=0.931
 36 | ..ooooooo.oooooooo.....oooooooo+++oooo..ooooooooooooooo++ooo...| max=0.923
 35 | ..ooooooo.oooooooo.....oo+oooo+ooooooooooooooo++ooooooo+++oo...| max=0.925
 34 | ...ooooo...ooooooo.....oo++ooo+oooo++oooo++ooooooooo.oooooooo..| max=0.915
 33 | ....ooo......ooooo......ooooooooooooooooo++ooo++oooo..ooooooo..| max=0.921
 32 |  ............ooooo...  .oooooooooooooooooooooooooooo..ooooooo..| max=0.878
 31 |  ..........oooooooo..  ..ooooooooooooooooooo..ooo.o...oooooooo.| max=0.891
 30 | ...........ooooooooo....ooo+oooooooooo++oooo..oooooo.ooo+++ooo.| max=0.924
 29 |............oooooo+oo...ooo++oooooooooo++oooooooooooo.oo++ooooo.| max=0.926
 28 |....ooooo...oooooooooo..oooooo..oooooooooooooooo++ooo.oooooooo..| max=0.920
 27 |...ooooooo.ooooooooooo..oooooo..ooooooo++o+oooooooooo.oooooooo..| max=0.931
 26 |...ooooooo.oooooooo+ooooo+oooo.ooooooooooo+ooooooooooooo+oooooo.| max=0.905
 25 |...ooooooo.ooooooooo+ooo++oooo..ooooooo+ooooo.ooooooo.oo+oooooo.| max=0.915
 24 |...ooooooooooooooooooooo+++ooooooooooo++ooooo..oooooo.ooooooooo.| max=0.927
 23 |..oooo++oooo++ooooooooooooooooooooooooo+oooooooooooooooooooooo..| max=0.911
 22 |...ooooooooo++oooo.....ooooooooooooooo++oo++oooooooooooo+oooooo.| max=0.927
 21 | ...oooooooooooo.......oooooooo+oo+++o+++o+oo..oooooo.oo+oo+ooo.| max=0.931
 20 | ...ooooooooooo........oooooooooooo+ooooooooo.ooooooo.oo+oooooo.| max=0.907
 19 | ...ooooooooooo........oooooooo+oo+oooooooooo.oooooooooooooooo..| max=0.915
 18 | ....oooooo++ooo.....oooooooooooooooo...ooooooooooooo.ooooooo...| max=0.903
 17 | ......ooo+++ooo....ooooo++oooo+oooo....oooooooooooo..oooooooo..| max=0.922
 16 |   .....oooo++oooo.ooo+oo++ooo++ooooooooooo+oooo......oooooooo..| max=0.920
 15 |       ...oooooooooooooooooooooooo+ooooooo+++oooooooo.oo+ooooo..| max=0.918
 14 |        ...oooooooooooooooooooooooooooo+oooooooo......oooooooo..| max=0.906
 13 |        ....oooooooooooooooooooooo+o+oo+oooooooo.oooo.oo+oooo...| max=0.908
 12 |         ...ooo++ooo++ooooooooooooooooo+ooooo+ooooooooo+oooo... | max=0.920
 11 |          ..ooo++ooooooooooooooooo+oooooooooo+oooooooooooo..... | max=0.921
 10 |           ..ooooooooooo++oooo+oooooooooooooooooooooooooo.....  | max=0.922
  9 |            ..oooo.oooooooooooooo+ooooooooooooooooooooo....     | max=0.914
  8 |           ...oooooo.o.ooooo..ooo++ooooo+oooooo...oo.....       | max=0.910
  7 |           ..ooooooo...........oooooooo++ooo............        | max=0.910
  6 |           ..oooooo........   ..ooooooooooo..                   | max=0.861
  5 |           ...ooooo... ....    ..oooooooo...                    | max=0.845
  4 |           ...oooo....          ..ooooooo...                    | max=0.814
  3 |            .........           ...oooooo...                    | max=0.794
  2 |            ........            ...oooooo...                    | max=0.728
  1 |              ....               ..........                     | max=0.615
  0 |                                 ..........                     | max=0.456

Numeric density table (row = y-axis, each cell = bin density):
  y\x     0     1     2     3     4     5     6     7     8     9    10    11    12    13    14    15    16    17    18    19    20    21    22    23    24    25    26    27    28    29    30    31    32    33    34    35    36    37    38    39    40    41    42    43    44    45    46    47    48    49    50    51    52    53    54    55    56    57    58    59    60    61    62    63 | row_max
------------------------------------------------------------------------------------------------------------------------------------------------------------------------------------------------------------------------------------------------------------------------------------------------------------------------------------------------------------------------------------------------------|--------
   63  0.00  0.00  0.00  0.00  0.14  0.29  0.40  0.49  0.55  0.58  0.59  0.56  0.61  0.67  0.68  0.64  0.55  0.60  0.63  0.64  0.63  0.60  0.68  0.74  0.75  0.72  0.65  0.61  0.64  0.66  0.65  0.63  0.59  0.52  0.44  0.34  0.22  0.08  0.00  0.00  0.00  0.08  0.24  0.37  0.47  0.54  0.59  0.60  0.60  0.56  0.58  0.56  0.50  0.40  0.30  0.32  0.33  0.33  0.32  0.29  0.26  0.21  0.15  0.08 |  0.748
   62  0.00  0.00  0.00  0.00  0.17  0.34  0.48  0.59  0.66  0.70  0.70  0.67  0.73  0.80  0.80  0.75  0.64  0.70  0.74  0.75  0.73  0.69  0.79  0.85  0.86  0.83  0.74  0.70  0.74  0.75  0.75  0.72  0.67  0.60  0.51  0.39  0.26  0.10  0.00  0.00  0.00  0.10  0.28  0.44  0.55  0.64  0.70  0.72  0.71  0.66  0.72  0.72  0.68  0.58  0.47  0.51  0.53  0.52  0.50  0.47  0.41  0.33  0.24  0.12 |  0.864
   61  0.00  0.00  0.00  0.00  0.19  0.38  0.54  0.65  0.73  0.77  0.78  0.74  0.80  0.87  0.88  0.81  0.69  0.75  0.79  0.80  0.79  0.74  0.85  0.91  0.92  0.88  0.78  0.73  0.77  0.79  0.79  0.76  0.71  0.65  0.57  0.45  0.31  0.14  0.04  0.03  0.02  0.11  0.31  0.48  0.61  0.71  0.77  0.79  0.78  0.73  0.81  0.84  0.81  0.71  0.60  0.65  0.67  0.67  0.64  0.59  0.52  0.42  0.30  0.15 |  0.917
   60  0.00  0.00  0.00  0.00  0.20  0.40  0.56  0.68  0.77  0.81  0.82  0.79  0.84  0.91  0.90  0.83  0.69  0.75  0.79  0.80  0.79  0.75  0.84  0.90  0.91  0.86  0.77  0.72  0.76  0.77  0.77  0.74  0.71  0.71  0.67  0.58  0.46  0.30  0.17  0.14  0.08  0.11  0.32  0.50  0.63  0.73  0.79  0.82  0.81  0.76  0.86  0.90  0.88  0.79  0.68  0.74  0.76  0.76  0.73  0.68  0.59  0.48  0.34  0.18 |  0.907
   59  0.00  0.00  0.00  0.00  0.20  0.40  0.56  0.68  0.77  0.81  0.82  0.80  0.85  0.90  0.88  0.80  0.65  0.70  0.74  0.75  0.74  0.70  0.79  0.83  0.83  0.82  0.76  0.73  0.78  0.80  0.79  0.76  0.72  0.74  0.71  0.65  0.55  0.40  0.27  0.21  0.13  0.15  0.37  0.55  0.69  0.79  0.84  0.85  0.82  0.75  0.86  0.92  0.90  0.82  0.72  0.78  0.81  0.80  0.77  0.71  0.63  0.51  0.36  0.19 |  0.916
   58  0.00  0.00  0.00  0.00  0.19  0.38  0.53  0.65  0.73  0.77  0.79  0.78  0.82  0.89  0.90  0.83  0.70  0.78  0.83  0.85  0.84  0.80  0.86  0.87  0.84  0.85  0.80  0.79  0.85  0.89  0.88  0.84  0.79  0.81  0.75  0.70  0.64  0.52  0.40  0.32  0.24  0.26  0.49  0.67  0.81  0.89  0.92  0.89  0.81  0.70  0.82  0.88  0.87  0.81  0.71  0.77  0.80  0.80  0.77  0.71  0.62  0.50  0.36  0.18 |  0.919
   57  0.00  0.00  0.00  0.00  0.17  0.34  0.48  0.58  0.65  0.69  0.71  0.71  0.74  0.81  0.86  0.82  0.73  0.82  0.88  0.91  0.91  0.88  0.91  0.92  0.87  0.89  0.84  0.84  0.88  0.92  0.92  0.86  0.86  0.90  0.83  0.81  0.80  0.72  0.62  0.51  0.41  0.40  0.58  0.72  0.85  0.92  0.93  0.87  0.75  0.61  0.73  0.79  0.79  0.74  0.66  0.72  0.74  0.74  0.71  0.66  0.58  0.47  0.33  0.17 |  0.926
   56  0.00  0.00  0.00  0.05  0.24  0.43  0.58  0.70  0.78  0.82  0.85  0.84  0.84  0.89  0.93  0.89  0.79  0.83  0.84  0.88  0.88  0.86  0.87  0.89  0.84  0.86  0.81  0.82  0.82  0.81  0.81  0.76  0.79  0.85  0.78  0.81  0.86  0.83  0.76  0.63  0.53  0.50  0.61  0.71  0.83  0.88  0.86  0.78  0.64  0.49  0.59  0.66  0.73  0.74  0.72  0.80  0.84  0.86  0.84  0.79  0.72  0.61  0.47  0.29 |  0.927
   55  0.00  0.00  0.00  0.09  0.29  0.48  0.63  0.75  0.83  0.89  0.92  0.91  0.86  0.87  0.89  0.85  0.76  0.75  0.70  0.74  0.75  0.74  0.77  0.81  0.79  0.83  0.79  0.82  0.78  0.75  0.75  0.69  0.76  0.82  0.74  0.80  0.87  0.87  0.81  0.69  0.61  0.60  0.68  0.76  0.86  0.90  0.88  0.80  0.65  0.49  0.57  0.63  0.74  0.80  0.82  0.88  0.91  0.91  0.91  0.87  0.80  0.70  0.57  0.40 |  0.916
   54  0.00  0.00  0.00  0.11  0.31  0.48  0.62  0.73  0.82  0.89  0.92  0.91  0.85  0.87  0.91  0.91  0.85  0.81  0.73  0.78  0.79  0.78  0.82  0.88  0.87  0.90  0.85  0.87  0.82  0.77  0.78  0.73  0.81  0.85  0.75  0.79  0.84  0.84  0.79  0.67  0.64  0.68  0.72  0.78  0.88  0.92  0.90  0.82  0.67  0.53  0.57  0.61  0.74  0.82  0.87  0.89  0.88  0.87  0.88  0.86  0.80  0.72  0.60  0.46 |  0.922
   53  0.00  0.00  0.00  0.13  0.29  0.43  0.54  0.64  0.72  0.79  0.83  0.82  0.76  0.79  0.86  0.91  0.91  0.85  0.75  0.79  0.81  0.80  0.84  0.92  0.92  0.91  0.86  0.90  0.87  0.83  0.85  0.82  0.90  0.90  0.78  0.83  0.87  0.86  0.84  0.76  0.78  0.84  0.83  0.83  0.88  0.92  0.91  0.84  0.71  0.59  0.57  0.57  0.69  0.77  0.81  0.80  0.75  0.72  0.74  0.74  0.71  0.66  0.58  0.47 |  0.923
   52  0.09  0.11  0.13  0.28  0.45  0.58  0.68  0.76  0.82  0.86  0.89  0.87  0.81  0.83  0.89  0.93  0.91  0.84  0.72  0.76  0.78  0.76  0.82  0.90  0.91  0.85  0.78  0.83  0.81  0.77  0.81  0.80  0.90  0.90  0.78  0.85  0.87  0.85  0.86  0.80  0.84  0.93  0.90  0.87  0.89  0.95  0.95  0.91  0.81  0.71  0.68  0.67  0.79  0.87  0.90  0.88  0.81  0.77  0.79  0.79  0.76  0.70  0.62  0.51 |  0.951
   51  0.20  0.26  0.29  0.45  0.62  0.73  0.81  0.86  0.86  0.86  0.88  0.85  0.79  0.81  0.86  0.88  0.85  0.77  0.64  0.68  0.69  0.68  0.73  0.82  0.83  0.77  0.72  0.79  0.78  0.76  0.81  0.82  0.91  0.91  0.81  0.88  0.87  0.84  0.86  0.82  0.85  0.91  0.87  0.81  0.81  0.88  0.91  0.89  0.84  0.77  0.74  0.73  0.84  0.91  0.93  0.90  0.83  0.78  0.80  0.80  0.77  0.71  0.63  0.52 |  0.934
   50  0.29  0.38  0.43  0.59  0.74  0.83  0.88  0.90  0.85  0.80  0.82  0.80  0.75  0.76  0.80  0.84  0.83  0.77  0.67  0.71  0.74  0.74  0.79  0.87  0.88  0.82  0.79  0.86  0.85  0.80  0.82  0.83  0.92  0.92  0.82  0.88  0.84  0.79  0.82  0.79  0.80  0.81  0.74  0.67  0.65  0.72  0.77  0.79  0.79  0.77  0.74  0.72  0.83  0.89  0.91  0.87  0.79  0.74  0.76  0.76  0.73  0.68  0.60  0.49 |  0.915
   49  0.37  0.48  0.55  0.69  0.81  0.88  0.91  0.94  0.89  0.84  0.89  0.89  0.86  0.87  0.87  0.91  0.91  0.85  0.74  0.73  0.76  0.78  0.83  0.90  0.91  0.85  0.84  0.90  0.88  0.80  0.77  0.79  0.88  0.91  0.87  0.91  0.84  0.77  0.80  0.76  0.75  0.74  0.65  0.59  0.60  0.71  0.78  0.83  0.85  0.84  0.80  0.77  0.84  0.85  0.81  0.78  0.70  0.65  0.67  0.67  0.64  0.60  0.52  0.43 |  0.939
   48  0.44  0.56  0.64  0.76  0.84  0.87  0.87  0.91  0.86  0.81  0.88  0.91  0.90  0.88  0.84  0.88  0.88  0.82  0.71  0.66  0.69  0.72  0.77  0.82  0.82  0.77  0.81  0.90  0.90  0.83  0.76  0.78  0.85  0.87  0.82  0.86  0.80  0.75  0.81  0.80  0.81  0.81  0.73  0.68  0.73  0.83  0.88  0.89  0.90  0.90  0.88  0.87  0.90  0.88  0.80  0.78  0.72  0.69  0.70  0.70  0.67  0.62  0.54  0.44 |  0.910
   47  0.48  0.62  0.70  0.79  0.83  0.81  0.77  0.80  0.75  0.70  0.79  0.84  0.85  0.83  0.77  0.83  0.86  0.82  0.73  0.64  0.68  0.72  0.75  0.76  0.74  0.69  0.74  0.88  0.92  0.88  0.79  0.82  0.89  0.92  0.87  0.91  0.87  0.83  0.90  0.91  0.91  0.87  0.77  0.70  0.78  0.87  0.90  0.86  0.87  0.87  0.89  0.90  0.93  0.88  0.77  0.78  0.75  0.73  0.75  0.74  0.70  0.64  0.56  0.46 |  0.925
   46  0.51  0.65  0.75  0.78  0.77  0.70  0.63  0.65  0.58  0.53  0.63  0.69  0.72  0.72  0.68  0.79  0.85  0.86  0.81  0.71  0.75  0.79  0.80  0.79  0.76  0.70  0.74  0.87  0.93  0.90  0.80  0.82  0.89  0.93  0.88  0.89  0.84  0.80  0.88  0.90  0.88  0.82  0.70  0.64  0.75  0.82  0.82  0.75  0.75  0.75  0.81  0.84  0.84  0.76  0.63  0.66  0.67  0.67  0.68  0.66  0.63  0.58  0.50  0.41 |  0.926
   45  0.52  0.67  0.76  0.80  0.79  0.72  0.65  0.68  0.62  0.58  0.69  0.76  0.79  0.79  0.75  0.85  0.91  0.91  0.85  0.73  0.77  0.81  0.82  0.81  0.77  0.71  0.75  0.87  0.92  0.89  0.78  0.80  0.86  0.88  0.83  0.84  0.81  0.79  0.88  0.92  0.90  0.83  0.69  0.61  0.73  0.79  0.77  0.67  0.67  0.67  0.75  0.81  0.80  0.73  0.59  0.66  0.71  0.73  0.72  0.70  0.66  0.61  0.53  0.43 |  0.920
   44  0.52  0.66  0.76  0.79  0.78  0.71  0.64  0.68  0.64  0.60  0.71  0.78  0.82  0.81  0.78  0.86  0.92  0.90  0.83  0.70  0.76  0.82  0.86  0.86  0.83  0.76  0.78  0.87  0.88  0.84  0.77  0.83  0.89  0.90  0.84  0.86  0.85  0.83  0.90  0.91  0.91  0.86  0.76  0.68  0.81  0.88  0.85  0.74  0.74  0.74  0.82  0.89  0.87  0.80  0.65  0.73  0.78  0.80  0.79  0.76  0.72  0.66  0.57  0.47 |  0.915
   43  0.49  0.63  0.72  0.76  0.75  0.68  0.62  0.66  0.62  0.59  0.70  0.77  0.80  0.80  0.76  0.83  0.87  0.84  0.76  0.62  0.71  0.82  0.89  0.91  0.89  0.82  0.81  0.85  0.80  0.76  0.74  0.85  0.92  0.91  0.84  0.86  0.84  0.81  0.85  0.83  0.85  0.84  0.79  0.72  0.86  0.93  0.90  0.79  0.78  0.78  0.87  0.92  0.90  0.82  0.66  0.74  0.79  0.80  0.79  0.76  0.72  0.66  0.57  0.47 |  0.926
   42  0.46  0.58  0.67  0.70  0.69  0.63  0.57  0.61  0.58  0.55  0.65  0.75  0.80  0.81  0.79  0.84  0.86  0.82  0.72  0.56  0.66  0.78  0.85  0.89  0.87  0.80  0.78  0.77  0.68  0.64  0.68  0.83  0.91  0.92  0.85  0.87  0.87  0.83  0.84  0.78  0.81  0.82  0.79  0.72  0.86  0.94  0.92  0.80  0.80  0.80  0.87  0.91  0.92  0.87  0.74  0.83  0.89  0.90  0.88  0.82  0.73  0.62  0.53  0.43 |  0.937
   41  0.45  0.61  0.73  0.79  0.81  0.77  0.72  0.75  0.71  0.66  0.72  0.82  0.87  0.87  0.88  0.91  0.90  0.84  0.71  0.53  0.60  0.69  0.74  0.79  0.79  0.72  0.68  0.64  0.51  0.48  0.59  0.77  0.87  0.90  0.86  0.90  0.91  0.87  0.85  0.75  0.77  0.78  0.75  0.69  0.83  0.91  0.90  0.79  0.79  0.79  0.84  0.86  0.88  0.86  0.75  0.85  0.91  0.92  0.88  0.80  0.68  0.52  0.45  0.37 |  0.917
   40  0.42  0.62  0.76  0.85  0.88  0.87  0.84  0.85  0.79  0.72  0.74  0.84  0.87  0.86  0.90  0.91  0.87  0.78  0.63  0.44  0.47  0.53  0.55  0.62  0.64  0.60  0.55  0.49  0.34  0.34  0.51  0.69  0.81  0.85  0.83  0.87  0.90  0.86  0.81  0.68  0.69  0.70  0.68  0.62  0.76  0.84  0.84  0.75  0.75  0.75  0.78  0.77  0.78  0.77  0.67  0.77  0.82  0.82  0.78  0.69  0.56  0.38  0.32  0.26 |  0.908
   39  0.37  0.57  0.73  0.84  0.90  0.90  0.88  0.88  0.81  0.72  0.70  0.79  0.81  0.79  0.85  0.86  0.83  0.75  0.61  0.43  0.44  0.48  0.48  0.55  0.62  0.64  0.62  0.53  0.37  0.36  0.54  0.71  0.81  0.84  0.79  0.79  0.83  0.81  0.73  0.58  0.58  0.60  0.60  0.56  0.71  0.80  0.82  0.75  0.75  0.75  0.73  0.67  0.65  0.62  0.52  0.61  0.65  0.64  0.60  0.50  0.36  0.18  0.15  0.12 |  0.905
   38  0.29  0.49  0.65  0.77  0.85  0.88  0.87  0.84  0.76  0.65  0.59  0.67  0.68  0.65  0.74  0.78  0.78  0.73  0.64  0.50  0.50  0.52  0.50  0.58  0.68  0.75  0.73  0.63  0.44  0.41  0.57  0.73  0.80  0.83  0.82  0.82  0.90  0.90  0.81  0.65  0.63  0.69  0.72  0.71  0.84  0.90  0.91  0.88  0.87  0.85  0.78  0.68  0.63  0.57  0.50  0.59  0.63  0.63  0.58  0.48  0.34  0.16  0.13  0.10 |  0.910
   37  0.18  0.37  0.52  0.65  0.73  0.78  0.80  0.78  0.72  0.63  0.54  0.63  0.63  0.60  0.70  0.76  0.77  0.74  0.67  0.55  0.54  0.54  0.50  0.58  0.72  0.82  0.84  0.75  0.57  0.55  0.70  0.83  0.88  0.90  0.90  0.86  0.93  0.92  0.83  0.66  0.64  0.71  0.77  0.77  0.88  0.91  0.91  0.92  0.92  0.88  0.80  0.74  0.71  0.66  0.65  0.76  0.82  0.82  0.78  0.69  0.54  0.35  0.29  0.23 |  0.931
   36  0.18  0.37  0.53  0.66  0.75  0.80  0.82  0.80  0.75  0.66  0.57  0.66  0.66  0.63  0.74  0.80  0.82  0.79  0.71  0.58  0.56  0.54  0.48  0.56  0.72  0.86  0.90  0.84  0.68  0.67  0.79  0.89  0.91  0.91  0.92  0.84  0.89  0.86  0.77  0.60  0.56  0.64  0.72  0.74  0.82  0.83  0.83  0.88  0.88  0.83  0.75  0.73  0.72  0.69  0.73  0.84  0.91  0.92  0.89  0.81  0.68  0.50  0.42  0.33 |  0.923
   35  0.17  0.37  0.53  0.65  0.74  0.79  0.81  0.79  0.74  0.65  0.56  0.66  0.67  0.65  0.76  0.82  0.83  0.80  0.72  0.59  0.56  0.51  0.44  0.51  0.69  0.86  0.93  0.89  0.76  0.75  0.84  0.90  0.88  0.87  0.88  0.81  0.89  0.90  0.84  0.72  0.68  0.76  0.84  0.85  0.88  0.87  0.87  0.92  0.92  0.86  0.77  0.76  0.72  0.64  0.73  0.84  0.90  0.92  0.91  0.84  0.74  0.60  0.51  0.40 |  0.925
   34  0.16  0.34  0.49  0.61  0.69  0.74  0.76  0.74  0.69  0.61  0.53  0.63  0.65  0.63  0.74  0.80  0.82  0.78  0.71  0.58  0.53  0.47  0.39  0.45  0.64  0.82  0.91  0.91  0.80  0.80  0.86  0.91  0.89  0.88  0.90  0.83  0.91  0.92  0.87  0.80  0.77  0.84  0.91  0.91  0.87  0.84  0.82  0.88  0.87  0.81  0.72  0.72  0.65  0.53  0.65  0.74  0.80  0.83  0.83  0.80  0.74  0.65  0.55  0.43 |  0.915
   33  0.14  0.30  0.43  0.53  0.60  0.65  0.66  0.65  0.60  0.53  0.46  0.57  0.60  0.60  0.70  0.76  0.77  0.74  0.66  0.55  0.48  0.40  0.31  0.36  0.55  0.75  0.86  0.89  0.82  0.83  0.83  0.88  0.85  0.84  0.86  0.79  0.87  0.87  0.84  0.83  0.81  0.87  0.92  0.90  0.86  0.85  0.84  0.91  0.92  0.86  0.76  0.76  0.66  0.51  0.62  0.71  0.76  0.80  0.80  0.78  0.73  0.66  0.57  0.44 |  0.921
   32  0.11  0.24  0.34  0.42  0.48  0.51  0.52  0.51  0.48  0.42  0.37  0.50  0.58  0.62  0.73  0.79  0.80  0.77  0.69  0.57  0.47  0.34  0.21  0.24  0.43  0.64  0.77  0.83  0.81  0.82  0.80  0.86  0.84  0.83  0.85  0.78  0.86  0.85  0.82  0.84  0.82  0.86  0.88  0.83  0.78  0.77  0.78  0.86  0.87  0.82  0.73  0.73  0.64  0.49  0.59  0.67  0.73  0.76  0.76  0.74  0.70  0.63  0.54  0.42 |  0.878
   31  0.15  0.26  0.35  0.42  0.47  0.50  0.51  0.50  0.47  0.42  0.38  0.53  0.64  0.71  0.79  0.86  0.88  0.85  0.81  0.70  0.56  0.38  0.22  0.24  0.42  0.62  0.76  0.84  0.85  0.84  0.79  0.85  0.86  0.87  0.89  0.82  0.87  0.84  0.79  0.81  0.80  0.80  0.78  0.71  0.63  0.62  0.63  0.71  0.73  0.70  0.63  0.63  0.55  0.43  0.57  0.70  0.79  0.84  0.87  0.86  0.82  0.75  0.64  0.50 |  0.891
   30  0.21  0.31  0.39  0.45  0.49  0.52  0.53  0.52  0.49  0.44  0.40  0.56  0.70  0.77  0.80  0.88  0.90  0.89  0.89  0.82  0.69  0.49  0.32  0.34  0.50  0.69  0.82  0.89  0.91  0.86  0.76  0.81  0.83  0.85  0.88  0.80  0.90  0.90  0.87  0.91  0.90  0.87  0.84  0.75  0.64  0.60  0.63  0.73  0.77  0.76  0.72  0.73  0.67  0.56  0.70  0.82  0.90  0.92  0.91  0.91  0.87  0.80  0.69  0.54 |  0.924
   29  0.27  0.37  0.45  0.51  0.56  0.58  0.59  0.58  0.55  0.51  0.45  0.59  0.72  0.77  0.76  0.83  0.86  0.86  0.90  0.88  0.78  0.61  0.46  0.49  0.63  0.79  0.89  0.93  0.91  0.83  0.69  0.73  0.77  0.80  0.82  0.75  0.85  0.88  0.87  0.92  0.92  0.90  0.89  0.81  0.70  0.66  0.70  0.80  0.86  0.86  0.83  0.81  0.73  0.61  0.74  0.85  0.90  0.91  0.86  0.86  0.84  0.77  0.67  0.53 |  0.926
   28  0.33  0.45  0.55  0.62  0.68  0.71  0.72  0.70  0.67  0.61  0.54  0.62  0.70  0.72  0.67  0.74  0.76  0.77  0.85  0.85  0.79  0.66  0.55  0.57  0.69  0.81  0.88  0.89  0.84  0.74  0.58  0.62  0.67  0.69  0.71  0.64  0.75  0.80  0.79  0.86  0.86  0.85  0.88  0.84  0.75  0.70  0.76  0.86  0.91  0.92  0.89  0.82  0.72  0.58  0.68  0.77  0.81  0.79  0.72  0.73  0.72  0.67  0.59  0.46 |  0.920
   27  0.36  0.49  0.60  0.68  0.74  0.77  0.78  0.77  0.73  0.67  0.59  0.65  0.73  0.74  0.67  0.74  0.76  0.77  0.86  0.87  0.82  0.69  0.58  0.61  0.70  0.78  0.81  0.79  0.74  0.67  0.54  0.60  0.68  0.73  0.75  0.70  0.81  0.86  0.86  0.91  0.91  0.89  0.93  0.89  0.79  0.70  0.73  0.81  0.86  0.88  0.86  0.81  0.73  0.62  0.73  0.82  0.85  0.82  0.74  0.76  0.75  0.70  0.61  0.48 |  0.931
   26  0.36  0.50  0.61  0.69  0.75  0.79  0.80  0.78  0.74  0.68  0.60  0.67  0.76  0.77  0.71  0.78  0.81  0.82  0.89  0.90  0.90  0.80  0.73  0.79  0.86  0.90  0.90  0.85  0.77  0.72  0.62  0.65  0.70  0.73  0.76  0.73  0.82  0.87  0.87  0.90  0.88  0.86  0.90  0.87  0.77  0.64  0.66  0.72  0.76  0.78  0.78  0.76  0.71  0.65  0.76  0.86  0.90  0.87  0.78  0.80  0.80  0.74  0.65  0.51 |  0.905
   25  0.34  0.47  0.57  0.65  0.71  0.74  0.75  0.74  0.70  0.64  0.56  0.65  0.75  0.78  0.73  0.80  0.83  0.83  0.88  0.88  0.90  0.83  0.78  0.87  0.91  0.91  0.88  0.80  0.71  0.69  0.61  0.62  0.64  0.67  0.73  0.75  0.83  0.88  0.89  0.90  0.87  0.84  0.88  0.84  0.75  0.62  0.64  0.70  0.74  0.76  0.75  0.73  0.69  0.63  0.75  0.86  0.90  0.88  0.80  0.82  0.81  0.76  0.66  0.52 |  0.915
   24  0.35  0.49  0.61  0.70  0.77  0.81  0.82  0.82  0.78  0.73  0.64  0.73  0.82  0.84  0.79  0.82  0.82  0.81  0.82  0.80  0.84  0.79  0.75  0.85  0.91  0.93  0.90  0.84  0.77  0.78  0.73  0.69  0.65  0.65  0.71  0.74  0.83  0.89  0.91  0.91  0.86  0.82  0.85  0.82  0.74  0.62  0.62  0.68  0.72  0.74  0.73  0.71  0.67  0.61  0.73  0.83  0.87  0.85  0.78  0.80  0.79  0.74  0.64  0.51 |  0.927
   23  0.35  0.51  0.64  0.75  0.83  0.88  0.90  0.90  0.88  0.82  0.74  0.82  0.90  0.91  0.84  0.83  0.78  0.76  0.72  0.67  0.71  0.66  0.64  0.74  0.81  0.84  0.83  0.79  0.75  0.80  0.80  0.76  0.68  0.66  0.73  0.77  0.82  0.84  0.89  0.90  0.87  0.82  0.88  0.88  0.82  0.70  0.72  0.78  0.83  0.85  0.84  0.82  0.76  0.69  0.78  0.85  0.86  0.81  0.73  0.75  0.75  0.70  0.61  0.48 |  0.911
   22  0.30  0.46  0.59  0.70  0.78  0.84  0.87  0.88  0.86  0.81  0.75  0.82  0.90  0.91  0.85  0.80  0.72  0.70  0.63  0.56  0.62  0.59  0.58  0.69  0.76  0.80  0.80  0.77  0.75  0.81  0.86  0.85  0.77  0.75  0.82  0.86  0.87  0.85  0.90  0.91  0.89  0.84  0.91  0.90  0.82  0.69  0.71  0.78  0.82  0.84  0.83  0.81  0.75  0.68  0.80  0.90  0.93  0.88  0.84  0.86  0.84  0.78  0.66  0.50 |  0.927
   21  0.21  0.35  0.46  0.56  0.63  0.69  0.72  0.73  0.73  0.70  0.65  0.73  0.82  0.85  0.82  0.73  0.63  0.61  0.55  0.50  0.58  0.59  0.60  0.71  0.79  0.83  0.84  0.80  0.77  0.82  0.89  0.91  0.85  0.84  0.90  0.93  0.92  0.87  0.92  0.91  0.91  0.86  0.90  0.87  0.75  0.59  0.60  0.66  0.70  0.71  0.71  0.68  0.64  0.57  0.72  0.85  0.90  0.88  0.88  0.90  0.88  0.80  0.67  0.49 |  0.931
   20  0.23  0.37  0.49  0.59  0.67  0.73  0.76  0.78  0.77  0.74  0.70  0.75  0.80  0.79  0.74  0.63  0.51  0.50  0.45  0.42  0.52  0.56  0.59  0.71  0.78  0.82  0.83  0.80  0.76  0.78  0.86  0.89  0.83  0.82  0.89  0.90  0.87  0.80  0.85  0.84  0.86  0.82  0.88  0.86  0.76  0.62  0.64  0.71  0.75  0.76  0.76  0.73  0.68  0.61  0.75  0.87  0.91  0.87  0.86  0.88  0.85  0.77  0.63  0.45 |  0.907
   19  0.23  0.37  0.49  0.59  0.67  0.73  0.76  0.79  0.80  0.79  0.75  0.78  0.80  0.77  0.69  0.57  0.45  0.43  0.39  0.38  0.49  0.54  0.58  0.67  0.73  0.77  0.77  0.75  0.70  0.73  0.86  0.91  0.88  0.87  0.91  0.88  0.80  0.67  0.69  0.68  0.72  0.70  0.79  0.81  0.74  0.62  0.67  0.74  0.78  0.79  0.79  0.76  0.71  0.63  0.76  0.85  0.86  0.81  0.79  0.80  0.77  0.68  0.55  0.37 |  0.915
   18  0.21  0.34  0.45  0.55  0.62  0.67  0.71  0.78  0.84  0.88  0.88  0.90  0.90  0.86  0.78  0.66  0.53  0.51  0.47  0.47  0.60  0.67  0.71  0.74  0.78  0.82  0.82  0.79  0.73  0.74  0.86  0.90  0.84  0.81  0.82  0.76  0.67  0.52  0.54  0.57  0.64  0.65  0.77  0.81  0.76  0.67  0.71  0.74  0.75  0.77  0.76  0.73  0.68  0.61  0.72  0.80  0.80  0.74  0.71  0.72  0.68  0.60  0.47  0.30 |  0.903
   17  0.17  0.28  0.38  0.45  0.52  0.56  0.59  0.70  0.80  0.87  0.91  0.92  0.91  0.86  0.78  0.67  0.55  0.51  0.47  0.53  0.69  0.79  0.85  0.85  0.87  0.91  0.91  0.87  0.79  0.79  0.89  0.90  0.81  0.76  0.75  0.67  0.60  0.47  0.52  0.58  0.67  0.70  0.82  0.86  0.82  0.73  0.73  0.70  0.67  0.68  0.68  0.65  0.61  0.54  0.68  0.79  0.82  0.78  0.76  0.77  0.73  0.65  0.51  0.32 |  0.922
   16  0.12  0.20  0.26  0.32  0.36  0.39  0.41  0.55  0.68  0.78  0.85  0.89  0.91  0.91  0.86  0.79  0.69  0.65  0.59  0.66  0.80  0.88  0.90  0.87  0.88  0.91  0.91  0.87  0.79  0.81  0.91  0.91  0.86  0.87  0.89  0.82  0.78  0.67  0.72  0.76  0.81  0.81  0.90  0.92  0.88  0.78  0.75  0.67  0.61  0.63  0.63  0.61  0.57  0.51  0.67  0.79  0.84  0.82  0.80  0.80  0.76  0.67  0.53  0.33 |  0.920
   15  0.05  0.08  0.11  0.14  0.15  0.17  0.17  0.32  0.47  0.59  0.69  0.76  0.82  0.85  0.86  0.83  0.77  0.72  0.66  0.73  0.84  0.88  0.88  0.82  0.80  0.83  0.83  0.79  0.71  0.76  0.85  0.84  0.83  0.88  0.92  0.86  0.86  0.78  0.83  0.87  0.88  0.85  0.90  0.90  0.90  0.84  0.80  0.71  0.64  0.67  0.68  0.67  0.63  0.58  0.74  0.86  0.90  0.87  0.82  0.80  0.76  0.67  0.53  0.33 |  0.918
   14  0.00  0.00  0.00  0.00  0.00  0.00  0.00  0.14  0.30  0.43  0.54  0.63  0.71  0.77  0.80  0.81  0.79  0.74  0.68  0.76  0.84  0.87  0.85  0.78  0.75  0.78  0.77  0.73  0.66  0.72  0.78  0.76  0.75  0.83  0.87  0.82  0.86  0.81  0.86  0.91  0.87  0.82  0.83  0.81  0.84  0.81  0.75  0.64  0.56  0.60  0.62  0.62  0.60  0.55  0.72  0.84  0.90  0.88  0.81  0.78  0.74  0.65  0.51  0.32 |  0.906
   13  0.00  0.00  0.00  0.00  0.00  0.00  0.00  0.14  0.28  0.41  0.52  0.62  0.71  0.77  0.81  0.81  0.80  0.76  0.69  0.78  0.87  0.90  0.88  0.82  0.80  0.83  0.82  0.78  0.70  0.76  0.82  0.78  0.78  0.86  0.91  0.86  0.91  0.87  0.88  0.91  0.85  0.79  0.79  0.77  0.84  0.85  0.80  0.68  0.60  0.65  0.67  0.68  0.66  0.63  0.78  0.88  0.91  0.87  0.76  0.72  0.68  0.60  0.47  0.30 |  0.908
   12  0.00  0.00  0.00  0.00  0.00  0.00  0.00  0.12  0.24  0.35  0.47  0.62  0.74  0.83  0.88  0.91  0.90  0.86  0.79  0.86  0.92  0.91  0.85  0.81  0.81  0.83  0.83  0.78  0.71  0.76  0.81  0.77  0.76  0.83  0.88  0.83  0.89  0.87  0.89  0.92  0.87  0.82  0.81  0.79  0.89  0.91  0.87  0.76  0.68  0.74  0.76  0.77  0.76  0.72  0.83  0.90  0.90  0.82  0.69  0.64  0.61  0.53  0.42  0.26 |  0.920
   11  0.00  0.00  0.00  0.00  0.00  0.00  0.00  0.09  0.18  0.26  0.37  0.55  0.70  0.81  0.88  0.92  0.92  0.88  0.80  0.85  0.89  0.89  0.82  0.82  0.84  0.86  0.85  0.79  0.74  0.80  0.88  0.85  0.83  0.88  0.91  0.83  0.85  0.80  0.83  0.88  0.85  0.80  0.80  0.78  0.89  0.92  0.89  0.78  0.72  0.78  0.81  0.81  0.80  0.76  0.84  0.87  0.83  0.73  0.58  0.53  0.50  0.44  0.35  0.22 |  0.921
   10  0.00  0.00  0.00  0.00  0.00  0.00  0.00  0.05  0.09  0.13  0.23  0.42  0.58  0.70  0.79  0.83  0.84  0.80  0.73  0.77  0.79  0.83  0.79  0.86  0.90  0.92  0.89  0.81  0.75  0.81  0.90  0.90  0.87  0.88  0.87  0.76  0.74  0.67  0.72  0.78  0.78  0.76  0.75  0.74  0.84  0.88  0.85  0.77  0.71  0.77  0.81  0.81  0.80  0.75  0.78  0.78  0.71  0.60  0.44  0.39  0.37  0.32  0.25  0.16 |  0.922
    9  0.00  0.00  0.00  0.00  0.00  0.00  0.00  0.00  0.00  0.00  0.07  0.27  0.43  0.56  0.64  0.69  0.70  0.68  0.62  0.63  0.64  0.70  0.69  0.81  0.89  0.90  0.85  0.75  0.69  0.74  0.85  0.90  0.89  0.91  0.90  0.79  0.76  0.69  0.76  0.83  0.85  0.84  0.80  0.75  0.79  0.79  0.77  0.70  0.66  0.73  0.76  0.76  0.74  0.69  0.67  0.63  0.55  0.42  0.27  0.22  0.21  0.18  0.14  0.09 |  0.914
    8  0.00  0.00  0.00  0.00  0.00  0.00  0.00  0.00  0.00  0.00  0.08  0.30  0.47  0.61  0.71  0.76  0.78  0.75  0.68  0.65  0.60  0.64  0.60  0.72  0.79  0.79  0.74  0.63  0.58  0.61  0.72  0.81  0.87  0.91  0.91  0.83  0.80  0.74  0.82  0.88  0.91  0.88  0.81  0.72  0.70  0.65  0.64  0.59  0.56  0.62  0.65  0.65  0.61  0.56  0.50  0.42  0.32  0.21  0.07  0.02  0.02  0.02  0.02  0.01 |  0.910
    7  0.00  0.00  0.00  0.00  0.00  0.00  0.00  0.00  0.00  0.00  0.08  0.31  0.50  0.64  0.74  0.80  0.81  0.78  0.71  0.64  0.53  0.53  0.45  0.55  0.61  0.61  0.55  0.45  0.41  0.42  0.52  0.64  0.77  0.86  0.90  0.86  0.85  0.81  0.87  0.91  0.90  0.85  0.76  0.63  0.55  0.47  0.45  0.42  0.40  0.45  0.47  0.47  0.44  0.40  0.35  0.29  0.22  0.13  0.03  0.00  0.00  0.00  0.00  0.00 |  0.910
    6  0.00  0.00  0.00  0.00  0.00  0.00  0.00  0.00  0.00  0.00  0.08  0.31  0.50  0.64  0.74  0.80  0.82  0.79  0.71  0.60  0.44  0.40  0.28  0.36  0.39  0.39  0.34  0.25  0.21  0.21  0.29  0.44  0.63  0.76  0.83  0.84  0.84  0.81  0.86  0.86  0.83  0.75  0.64  0.49  0.35  0.23  0.22  0.20  0.19  0.21  0.22  0.22  0.20  0.18  0.16  0.13  0.10  0.06  0.02  0.00  0.00  0.00  0.00  0.00 |  0.861
    5  0.00  0.00  0.00  0.00  0.00  0.00  0.00  0.00  0.00  0.00  0.08  0.30  0.48  0.62  0.71  0.77  0.78  0.76  0.69  0.57  0.42  0.37  0.24  0.31  0.34  0.34  0.29  0.21  0.17  0.15  0.21  0.36  0.57  0.71  0.81  0.85  0.83  0.79  0.79  0.76  0.70  0.60  0.48  0.32  0.14  0.00  0.00  0.00  0.00  0.01  0.01  0.00  0.00  0.00  0.00  0.00  0.00  0.00  0.00  0.00  0.00  0.00  0.00  0.00 |  0.845
    4  0.00  0.00  0.00  0.00  0.00  0.00  0.00  0.00  0.00  0.00  0.07  0.27  0.44  0.56  0.65  0.70  0.72  0.69  0.63  0.52  0.39  0.31  0.18  0.23  0.25  0.25  0.22  0.16  0.11  0.07  0.10  0.23  0.44  0.59  0.71  0.78  0.81  0.81  0.81  0.78  0.72  0.62  0.50  0.33  0.14  0.00  0.00  0.00  0.00  0.00  0.00  0.00  0.00  0.00  0.00  0.00  0.00  0.00  0.00  0.00  0.00  0.00  0.00  0.00 |  0.814
    3  0.00  0.00  0.00  0.00  0.00  0.00  0.00  0.00  0.00  0.00  0.06  0.23  0.37  0.48  0.56  0.60  0.61  0.59  0.54  0.45  0.33  0.23  0.09  0.11  0.12  0.12  0.11  0.08  0.04  0.00  0.00  0.12  0.31  0.47  0.60  0.69  0.76  0.79  0.79  0.76  0.70  0.61  0.48  0.33  0.14  0.00  0.00  0.00  0.00  0.00  0.00  0.00  0.00  0.00  0.00  0.00  0.00  0.00  0.00  0.00  0.00  0.00  0.00  0.00 |  0.794
    2  0.00  0.00  0.00  0.00  0.00  0.00  0.00  0.00  0.00  0.00  0.05  0.18  0.29  0.37  0.43  0.47  0.48  0.46  0.42  0.35  0.25  0.14  0.00  0.00  0.00  0.00  0.00  0.00  0.00  0.00  0.00  0.11  0.29  0.43  0.55  0.64  0.70  0.73  0.73  0.70  0.64  0.56  0.44  0.30  0.13  0.00  0.00  0.00  0.00  0.00  0.00  0.00  0.00  0.00  0.00  0.00  0.00  0.00  0.00  0.00  0.00  0.00  0.00  0.00 |  0.728
    1  0.00  0.00  0.00  0.00  0.00  0.00  0.00  0.00  0.00  0.00  0.03  0.12  0.19  0.24  0.28  0.30  0.30  0.29  0.26  0.22  0.16  0.09  0.00  0.00  0.00  0.00  0.00  0.00  0.00  0.00  0.00  0.09  0.24  0.36  0.46  0.54  0.59  0.61  0.62  0.59  0.54  0.47  0.37  0.25  0.11  0.00  0.00  0.00  0.00  0.00  0.00  0.00  0.00  0.00  0.00  0.00  0.00  0.00  0.00  0.00  0.00  0.00  0.00  0.00 |  0.615
    0  0.00  0.00  0.00  0.00  0.00  0.00  0.00  0.00  0.00  0.00  0.01  0.04  0.06  0.07  0.09  0.09  0.09  0.09  0.08  0.07  0.05  0.03  0.00  0.00  0.00  0.00  0.00  0.00  0.00  0.00  0.00  0.07  0.18  0.27  0.34  0.40  0.44  0.46  0.46  0.44  0.40  0.35  0.28  0.19  0.08  0.00  0.00  0.00  0.00  0.00  0.00  0.00  0.00  0.00  0.00  0.00  0.00  0.00  0.00  0.00  0.00  0.00  0.00  0.00 |  0.456

Stats: avg=0.6406  max=0.9510  over-target bins=255 / 4096
